5 0.057836 0.478788 0.026119 0.290909
4 0.084888 0.478788 0.027985 0.266667
8 0.108209 0.475758 0.011194 0.260606
10 0.127799 0.457576 0.027985 0.272727
13 0.180037 0.445455 0.024254 0.272727
14 0.141791 0.460606 0.018657 0.254545
16 0.161381 0.466667 0.013060 0.206061
9 0.201493 0.451515 0.018657 0.260606
4 0.222948 0.445455 0.024254 0.260606
8 0.242537 0.439394 0.014925 0.248485
10 0.293843 0.445455 0.024254 0.260606
3 0.263060 0.442424 0.018657 0.254545
16 0.277052 0.454545 0.016791 0.242424
1 0.323694 0.442424 0.027985 0.242424
7 0.346082 0.445455 0.027985 0.236364
16 0.368470 0.442424 0.013060 0.230303
6 0.388060 0.424242 0.029851 0.254545
8 0.412313 0.418182 0.014925 0.218182
9 0.426306 0.424242 0.013060 0.218182
12 0.448694 0.421212 0.027985 0.224242
8 0.469216 0.409091 0.013060 0.224242
16 0.482276 0.412121 0.016791 0.230303
2 0.497201 0.412121 0.027985 0.230303
8 0.520522 0.409091 0.014925 0.224242
13 0.547575 0.412121 0.039179 0.230303
9 0.581157 0.406061 0.027985 0.230303
4 0.611940 0.396970 0.033582 0.224242
16 0.639925 0.378788 0.014925 0.236364
5 0.666045 0.387879 0.029851 0.218182
8 0.693097 0.378788 0.013060 0.212121
4 0.718284 0.375758 0.037313 0.206061
5 0.753731 0.375758 0.037313 0.242424
1 0.785448 0.375758 0.033582 0.206061
16 0.810634 0.369697 0.016791 0.193939
2 0.834888 0.366667 0.027985 0.236364