2 0.053191 0.443418 0.044487 0.133949
9 0.093810 0.449192 0.044487 0.113164
10 0.134429 0.454965 0.040619 0.110855
8 0.161509 0.472286 0.032882 0.122402
16 0.187621 0.481524 0.030948 0.071594
8 0.205996 0.475751 0.017408 0.087760
0 0.244681 0.500000 0.048356 0.094688
11 0.291103 0.497691 0.044487 0.113164
8 0.325919 0.504619 0.032882 0.113164
15 0.348162 0.523095 0.034816 0.122402
16 0.373308 0.521940 0.027079 0.064665
11 0.404255 0.518476 0.042553 0.090069
1 0.453578 0.521940 0.048356 0.096998
5 0.501934 0.521940 0.040619 0.115473
9 0.536750 0.520785 0.040619 0.108545
16 0.568665 0.528868 0.023211 0.092379
12 0.596712 0.516166 0.036750 0.122402
8 0.629594 0.510393 0.025145 0.120092
8 0.685687 0.516166 0.021277 0.122402
2 0.742747 0.511547 0.042553 0.131640
8 0.707930 0.513857 0.023211 0.117783
1 0.790135 0.502309 0.044487 0.140878
4 0.836557 0.496536 0.040619 0.143187
10 0.888781 0.502309 0.044487 0.140878
8 0.918762 0.501155 0.019342 0.129330
7 0.947776 0.510393 0.030948 0.143187
7 0.970986 0.512702 0.023211 0.106236