2 0.165272 0.559633 0.025105 0.073394
8 0.185146 0.561927 0.010460 0.068807
1 0.206067 0.550459 0.031381 0.073394
2 0.232218 0.550459 0.025105 0.091743
9 0.849372 0.550459 0.020921 0.073394
14 0.283473 0.536697 0.027197 0.082569
0 0.313808 0.529817 0.033473 0.077982
15 0.348326 0.527523 0.031381 0.082569
16 0.367155 0.522936 0.010460 0.055046
1 0.400628 0.529817 0.018828 0.077982
16 0.427824 0.516055 0.014644 0.068807
2 0.448745 0.522936 0.014644 0.082569
15 0.491632 0.525229 0.029289 0.077982
16 0.513598 0.527523 0.010460 0.064220
8 0.414226 0.522936 0.008368 0.064220
2 0.627615 0.538991 0.025105 0.068807
10 0.601464 0.532110 0.027197 0.073394
8 0.576360 0.532110 0.014644 0.073394
1 0.656904 0.534404 0.029289 0.077982
16 0.677824 0.538991 0.012552 0.077982
10 0.698745 0.536697 0.029289 0.073394
11 0.723849 0.538991 0.020921 0.087156
9 0.752092 0.543578 0.027197 0.077982
8 0.771967 0.541284 0.012552 0.073394
2 0.827406 0.545872 0.023013 0.082569
7 0.797071 0.550459 0.020921 0.082569