5 0.125915 0.468905 0.029283 0.131841
14 0.150073 0.456468 0.024890 0.097015
4 0.185944 0.436567 0.038067 0.126866
10 0.226208 0.439055 0.036603 0.161692
8 0.249634 0.430348 0.013177 0.134328
11 0.279649 0.417910 0.035139 0.149254
4 0.325037 0.416667 0.038067 0.176617
1 0.368228 0.415423 0.042460 0.184080
9 0.414348 0.431592 0.043924 0.231343
10 0.450220 0.419154 0.039531 0.141791
13 0.491215 0.434080 0.042460 0.211443
2 0.526354 0.431592 0.033675 0.206468
10 0.571010 0.452736 0.049780 0.228856
10 0.628111 0.480100 0.043924 0.238806
13 0.688873 0.457711 0.071742 0.203980