10 0.193836 0.497872 0.042466 0.221277
0 0.238356 0.468085 0.032877 0.289362
11 0.311644 0.482979 0.042466 0.259574
3 0.273288 0.470213 0.028767 0.242553
13 0.345205 0.470213 0.030137 0.285106
10 0.410274 0.465957 0.034247 0.259574
4 0.452055 0.461702 0.038356 0.276596
8 0.481507 0.463830 0.023288 0.263830
2 0.502740 0.442553 0.027397 0.272340
1 0.543151 0.446809 0.042466 0.263830
14 0.582877 0.425532 0.031507 0.246809
0 0.641096 0.402128 0.027397 0.361702
3 0.675342 0.382979 0.038356 0.297872
3 0.612329 0.414894 0.024658 0.302128