10 0.104167 0.397321 0.035256 0.267857
2 0.135417 0.408482 0.027244 0.281250
1 0.165865 0.412946 0.024038 0.308036
2 0.193910 0.410714 0.022436 0.267857
1 0.223558 0.426339 0.030449 0.343750
14 0.247596 0.421875 0.020833 0.290179
0 0.309295 0.379464 0.028846 0.330357
0 0.346154 0.386161 0.032051 0.316964
10 0.415064 0.392857 0.035256 0.303571
4 0.486378 0.383929 0.030449 0.357143
1 0.518429 0.361607 0.027244 0.303571
2 0.546474 0.357143 0.028846 0.285714
2 0.576923 0.377232 0.028846 0.325893
2 0.607372 0.366071 0.032051 0.312500
13 0.750801 0.439732 0.049679 0.406250
8 0.717147 0.397321 0.011218 0.303571