8 0.192982 0.483607 0.031189 0.136612
2 0.223197 0.478142 0.025341 0.125683
8 0.249513 0.480874 0.011696 0.131148
1 0.274854 0.480874 0.027290 0.142077
2 0.303119 0.478142 0.025341 0.114754
13 0.331384 0.483607 0.031189 0.136612
1 0.362573 0.491803 0.035088 0.153005
1 0.392788 0.505464 0.025341 0.114754
11 0.418129 0.524590 0.029240 0.131148
4 0.549708 0.598361 0.035088 0.158470
0 0.460039 0.543716 0.031189 0.125683
9 0.485380 0.551913 0.027290 0.163934
2 0.509747 0.565574 0.029240 0.147541
10 0.583821 0.606557 0.025341 0.153005
8 0.605263 0.620219 0.017544 0.136612
7 0.628655 0.633880 0.029240 0.131148
8 0.663743 0.647541 0.017544 0.125683
1 0.692008 0.658470 0.035088 0.125683
2 0.723197 0.661202 0.027290 0.131148
8 0.743665 0.674863 0.013645 0.125683
8 0.761209 0.677596 0.013645 0.120219
9 0.775828 0.688525 0.019493 0.131148
14 0.799220 0.685792 0.019493 0.114754
12 0.818713 0.702186 0.023392 0.125683
8 0.836257 0.713115 0.015595 0.114754
11 0.142300 0.538251 0.027290 0.081967
8 0.167641 0.508197 0.019493 0.098361
6 0.859649 0.724044 0.027290 0.136612