3 0.132415 0.521739 0.014831 0.086957
10 0.153602 0.519022 0.019068 0.092391
13 0.174788 0.516304 0.027542 0.086957
1 0.203390 0.516304 0.029661 0.097826
7 0.234110 0.508152 0.023305 0.103261
11 0.256356 0.513587 0.025424 0.103261
4 0.283898 0.508152 0.025424 0.103261
5 0.330508 0.508152 0.021186 0.114130
16 0.306144 0.505435 0.014831 0.086957
9 0.355932 0.508152 0.025424 0.114130
4 0.383475 0.505435 0.025424 0.119565
9 0.405720 0.508152 0.019068 0.103261
10 0.430085 0.500000 0.025424 0.097826
1 0.462924 0.497283 0.031780 0.114130
7 0.495763 0.494565 0.025424 0.108696
13 0.533898 0.475543 0.029661 0.103261
8 0.556144 0.480978 0.014831 0.103261
4 0.578390 0.478261 0.025424 0.108696
5 0.601695 0.472826 0.025424 0.108696
9 0.626059 0.464674 0.023305 0.114130
2 0.652542 0.453804 0.021186 0.114130
8 0.676907 0.445652 0.010593 0.119565
8 0.750000 0.415761 0.016949 0.103261
4 0.779661 0.421196 0.029661 0.125000
1 0.809322 0.437500 0.025424 0.114130
8 0.830508 0.453804 0.016949 0.070652
3 0.843220 0.494565 0.025424 0.086957
15 0.852754 0.532609 0.031780 0.065217
4 0.865466 0.584239 0.036017 0.070652