9 0.090769 0.644172 0.040000 0.110429
15 0.129231 0.628834 0.036923 0.116564
9 0.867692 0.693252 0.043077 0.134969
11 0.829231 0.662577 0.027692 0.147239
8 0.790769 0.647239 0.024615 0.128834
4 0.747692 0.634969 0.043077 0.141104
1 0.693846 0.625767 0.046154 0.134969
11 0.635385 0.616564 0.040000 0.141104
8 0.598462 0.610429 0.021538 0.141104
16 0.526154 0.601227 0.024615 0.110429
15 0.489231 0.598160 0.049231 0.141104
14 0.558462 0.604294 0.027692 0.116564
16 0.441538 0.585890 0.021538 0.116564
14 0.404615 0.582822 0.033846 0.122699
9 0.363077 0.576687 0.030769 0.134969
4 0.318462 0.579755 0.040000 0.128834
2 0.270769 0.588957 0.036923 0.134969
13 0.235385 0.579755 0.033846 0.128834