11 0.547424 0.328807 0.021147 0.057177
9 0.570298 0.337941 0.020335 0.056736
11 0.386658 0.338709 0.021597 0.054206
9 0.432937 0.322239 0.016837 0.058767
2 0.632366 0.397094 0.019168 0.056678
8 0.453526 0.317180 0.011760 0.056042
8 0.366641 0.352048 0.017511 0.051189
7 0.609508 0.370613 0.015481 0.049722
8 0.592884 0.355082 0.014010 0.054400
8 0.348300 0.370640 0.017520 0.045914
16 0.618955 0.380822 0.008777 0.035017
8 0.654504 0.410485 0.019693 0.046224
9 0.410869 0.333208 0.019932 0.055880
16 0.616273 0.379022 0.013778 0.037173
14 0.412176 0.330613 0.021773 0.059994
8 0.650242 0.409485 0.014731 0.045710
