8 0.087971 0.504405 0.046679 0.145374
11 0.139138 0.451542 0.037702 0.136564
4 0.194794 0.403084 0.052065 0.136564
9 0.249551 0.376652 0.032316 0.145374
8 0.288151 0.359031 0.019749 0.154185
10 0.336625 0.352423 0.048474 0.149780
9 0.376122 0.361233 0.023339 0.140969
9 0.408438 0.372247 0.019749 0.110132
10 0.445242 0.365639 0.039497 0.140969
11 0.494614 0.370044 0.034111 0.149780
9 0.546679 0.381057 0.026930 0.162996
8 0.591562 0.405286 0.026930 0.158590
7 0.640036 0.433921 0.026930 0.180617
16 0.666068 0.438326 0.025135 0.092511
2 0.689408 0.475771 0.046679 0.158590
8 0.731598 0.517621 0.037702 0.145374
7 0.771095 0.579295 0.037702 0.127753