4 0.390096 0.420616 0.022589 0.097156
8 0.407037 0.419431 0.009557 0.094787
10 0.422242 0.418246 0.017376 0.097156
11 0.440921 0.420616 0.018245 0.106635
8 0.453953 0.422986 0.006082 0.101896
7 0.466116 0.425355 0.011295 0.092417
16 0.475673 0.428910 0.007819 0.066351
13 0.490009 0.421801 0.017376 0.094787
9 0.506950 0.419431 0.013032 0.090047
7 0.521286 0.425355 0.012163 0.101896
16 0.533884 0.433649 0.007819 0.075829
10 0.547785 0.432464 0.019983 0.082938
9 0.569070 0.438389 0.008688 0.075829
15 0.581668 0.443128 0.016507 0.071090
16 0.593397 0.438389 0.008688 0.056872
6 0.606864 0.437204 0.014770 0.087678
9 0.623805 0.443128 0.012163 0.090047
0 0.643354 0.443128 0.023458 0.085308
2 0.661164 0.445498 0.013901 0.090047
8 0.673328 0.450237 0.006950 0.094787
16 0.681147 0.454976 0.008688 0.066351
5 0.693310 0.450237 0.015639 0.099526
1 0.708949 0.453791 0.017376 0.092417
2 0.730235 0.452607 0.018245 0.094787
9 0.751520 0.456161 0.013901 0.087678
16 0.761512 0.458531 0.007819 0.073460
11 0.779322 0.450237 0.013901 0.080569
4 0.797133 0.451422 0.021720 0.078199
1 0.816247 0.450237 0.018245 0.080569
16 0.831451 0.457346 0.008688 0.071090
11 0.843180 0.453791 0.025195 0.078199
10 0.832320 0.619668 0.020851 0.073460
7 0.798002 0.646919 0.021720 0.071090
8 0.812772 0.620853 0.011295 0.085308
14 0.865334 0.492891 0.026064 0.066351