1 0.119913 0.590301 0.018182 0.143813
14 0.137229 0.586957 0.012987 0.143813
0 0.155411 0.583612 0.019913 0.150502
15 0.174026 0.581940 0.025974 0.153846
16 0.192208 0.585284 0.006926 0.086957
9 0.205195 0.580268 0.013853 0.150502
1 0.226840 0.576923 0.022511 0.170569
5 0.251948 0.560201 0.025974 0.157191
2 0.276190 0.556856 0.020779 0.157191
8 0.292641 0.558528 0.010390 0.160535
15 0.310823 0.550167 0.022511 0.170569
4 0.335498 0.551839 0.021645 0.180602
9 0.354545 0.550167 0.016450 0.170569
5 0.374892 0.543478 0.017316 0.177258
7 0.391775 0.538462 0.009524 0.173913
16 0.400433 0.498328 0.011255 0.066890
4 0.435498 0.535117 0.022511 0.160535
16 0.450649 0.523411 0.006061 0.096990
4 0.466667 0.533445 0.024242 0.157191
8 0.486147 0.531773 0.009524 0.140468
10 0.503030 0.521739 0.020779 0.147157
1 0.523810 0.521739 0.019048 0.153846
1 0.543723 0.510033 0.019048 0.150502
16 0.557143 0.510033 0.009524 0.110368
10 0.572294 0.506689 0.019048 0.143813
11 0.588745 0.513378 0.017316 0.143813
8 0.604329 0.511706 0.006926 0.133779
7 0.619913 0.513378 0.019048 0.130435
2 0.640693 0.508361 0.019048 0.153846
9 0.655411 0.505017 0.012121 0.147157
7 0.675325 0.503344 0.017316 0.143813
10 0.694372 0.501672 0.019048 0.133779
8 0.706494 0.503344 0.006926 0.143813
16 0.717316 0.503344 0.009524 0.103679
16 0.724675 0.494983 0.006926 0.133779
0 0.740693 0.491639 0.023377 0.133779
0 0.764935 0.498328 0.014719 0.133779
8 0.777489 0.498328 0.008658 0.133779
15 0.793506 0.496656 0.018182 0.130435
15 0.812987 0.483278 0.015584 0.150502
9 0.829004 0.478261 0.011255 0.140468
4 0.844156 0.491639 0.017316 0.147157
4 0.859740 0.486622 0.012121 0.163880
16 0.868398 0.473244 0.010390 0.083612
0 0.881818 0.471572 0.016450 0.140468
9 0.898268 0.463211 0.025108 0.076923
2 0.904329 0.396321 0.032035 0.076923