5 0.518025 0.238136 0.037725 0.227861
5 0.348512 0.474956 0.028153 0.151536
8 0.487992 0.251671 0.017627 0.208264
2 0.695409 0.279921 0.034411 0.242356
1 0.457259 0.263820 0.033920 0.209659
8 0.546867 0.253614 0.016256 0.200906
5 0.578425 0.247188 0.036087 0.220854
1 0.319613 0.286589 0.042272 0.231378
8 0.285304 0.275745 0.019958 0.228120
1 0.313717 0.486113 0.038276 0.146483
16 0.429465 0.285531 0.016099 0.114298
8 0.351142 0.278855 0.022787 0.190975
8 0.411312 0.286859 0.017781 0.173182
0 0.626372 0.266326 0.039574 0.226103
14 0.389602 0.273261 0.026745 0.204177
9 0.256263 0.279477 0.027238 0.221432
4 0.225489 0.279115 0.032359 0.238874
1 0.460912 0.481808 0.046654 0.175851
9 0.661753 0.274325 0.035585 0.236706
5 0.388863 0.271322 0.027176 0.206188
