14 0.285997 0.537634 0.030854 0.284946
8 0.329509 0.544355 0.013449 0.266129
8 0.312500 0.548387 0.020570 0.258065
5 0.363133 0.534946 0.039557 0.263441
1 0.412184 0.520161 0.050633 0.217742
16 0.462816 0.528226 0.031646 0.169355
5 0.498022 0.508065 0.037184 0.215054
9 0.529272 0.498656 0.025316 0.206989
4 0.569620 0.517473 0.042722 0.196237
2 0.614715 0.510753 0.041139 0.198925
8 0.645965 0.513441 0.015032 0.204301
5 0.683544 0.516129 0.044304 0.215054
1 0.732199 0.547043 0.043513 0.190860
3 0.765032 0.572581 0.025316 0.198925
14 0.804193 0.571237 0.037184 0.201613
2 0.844146 0.591398 0.036392 0.193548
1 0.894383 0.603495 0.041930 0.196237
9 0.204509 0.831989 0.022943 0.212366
0 0.236946 0.821237 0.038766 0.223118
9 0.264241 0.809140 0.018987 0.209677
9 0.285206 0.822581 0.021361 0.177419
9 0.319620 0.803763 0.039557 0.209677
8 0.352453 0.795699 0.022943 0.231183
7 0.376187 0.783602 0.022943 0.239247
1 0.451741 0.771505 0.037975 0.252688
7 0.484968 0.766129 0.026899 0.252688
1 0.826345 0.807796 0.035601 0.153226
1 0.786788 0.784946 0.022943 0.177419
14 0.763054 0.774194 0.021361 0.188172
9 0.734177 0.770161 0.022152 0.223118
8 0.709256 0.762097 0.021361 0.223118
0 0.671282 0.743280 0.045095 0.223118
8 0.546282 0.751344 0.018196 0.260753
8 0.579114 0.754032 0.034810 0.233871
1 0.518987 0.817204 0.031646 0.150538
8 0.867484 0.786290 0.021361 0.158602
4 0.899921 0.793011 0.040348 0.134409