1 0.844880 0.797268 0.030910 0.172327
11 0.576231 0.813344 0.038990 0.188734
7 0.871024 0.793917 0.026508 0.169727
7 0.237880 0.680193 0.023935 0.143246
4 0.614428 0.627271 0.042637 0.165868
1 0.410857 0.836536 0.043025 0.194914
4 0.781644 0.805562 0.031104 0.170590
9 0.753829 0.801111 0.022927 0.162289
14 0.642310 0.813413 0.029967 0.191844
8 0.613349 0.816809 0.017448 0.186421
1 0.848872 0.592109 0.032584 0.113285
16 0.444806 0.838864 0.021259 0.155066
1 0.781386 0.805027 0.031125 0.170420
8 0.787353 0.620040 0.020479 0.138643
5 0.369771 0.828175 0.032967 0.200476
10 0.680249 0.814892 0.044199 0.195514
9 0.417827 0.642887 0.033547 0.158886
8 0.302224 0.657575 0.018090 0.143792
16 0.891524 0.781382 0.014635 0.085706
4 0.335091 0.841703 0.041004 0.187673
14 0.580588 0.814316 0.031377 0.189990
7 0.229906 0.682292 0.038957 0.146265
9 0.763165 0.619397 0.026788 0.145295
7 0.543562 0.790295 0.025683 0.151078
