5 0.523810 0.691913 0.028113 0.218839
1 0.211591 0.731408 0.036651 0.206591
1 0.491005 0.701725 0.037013 0.214598
9 0.281337 0.729971 0.031923 0.201621
4 0.173085 0.736900 0.039320 0.202035
2 0.666012 0.681017 0.032989 0.228184
10 0.813118 0.653862 0.038742 0.198584
2 0.134418 0.737972 0.030268 0.199526
9 0.450906 0.711637 0.026469 0.212423
9 0.905744 0.350652 0.030731 0.232475
9 0.698428 0.681888 0.026546 0.211447
4 0.562348 0.697957 0.041746 0.237858
2 0.248860 0.726716 0.031817 0.184317
11 0.381024 0.718434 0.038458 0.210463
5 0.769836 0.665884 0.032664 0.203364
10 0.216946 0.464331 0.036838 0.250210
4 0.322580 0.731090 0.041184 0.207343
4 0.420977 0.721282 0.039963 0.219980
7 0.933665 0.337388 0.021348 0.224980
4 0.798926 0.403623 0.049686 0.291325
16 0.350212 0.714317 0.021076 0.165995
9 0.157757 0.466773 0.030630 0.244342
16 0.592293 0.681878 0.019714 0.178961
1 0.930230 0.584953 0.031386 0.208822
8 0.729841 0.677880 0.018309 0.207623
6 0.892099 0.611696 0.028896 0.202688
12 0.420769 0.721629 0.035794 0.219821
8 0.611973 0.690073 0.020427 0.216466
