7 0.257510 0.316832 0.015838 0.138614
7 0.274167 0.318069 0.019661 0.141089
14 0.299290 0.316832 0.022938 0.153465
4 0.324686 0.319307 0.024577 0.153465
8 0.345167 0.323020 0.014200 0.165842
5 0.364282 0.320545 0.018569 0.170792
15 0.383397 0.321782 0.022938 0.173267
16 0.402239 0.314356 0.015838 0.118812
16 0.423266 0.321782 0.020754 0.183168
9 0.439924 0.326733 0.015838 0.173267
8 0.453850 0.324257 0.009831 0.153465
10 0.472966 0.320545 0.019661 0.175743
11 0.494265 0.304455 0.014200 0.183168
8 0.505735 0.298267 0.007646 0.160891
8 0.515292 0.311881 0.010377 0.133663
10 0.531404 0.305693 0.019661 0.155941
11 0.549427 0.292079 0.017477 0.178218
9 0.567449 0.290842 0.017477 0.165842
8 0.581922 0.293317 0.008192 0.150990
7 0.595576 0.287129 0.013654 0.153465
16 0.611415 0.287129 0.012561 0.133663
10 0.631076 0.285891 0.021300 0.141089
1 0.652376 0.282178 0.016931 0.148515
7 0.666576 0.280941 0.010377 0.141089
16 0.678318 0.275990 0.012015 0.096535
16 0.697433 0.277228 0.020754 0.148515
8 0.713271 0.266089 0.007646 0.141089
4 0.729656 0.264851 0.019661 0.123762
8 0.744675 0.266089 0.007100 0.131188
1 0.757783 0.256188 0.013654 0.131188
9 0.771983 0.256188 0.011469 0.131188
15 0.785090 0.258663 0.014746 0.146040
16 0.795740 0.267327 0.008738 0.103960
11 0.823867 0.283416 0.012561 0.160891
8 0.808301 0.277228 0.006554 0.143564
16 0.835882 0.288366 0.008192 0.116337
10 0.850082 0.293317 0.018023 0.136139
8 0.865374 0.315594 0.008192 0.150990
7 0.877662 0.320545 0.013108 0.150990
0 0.895139 0.352723 0.022938 0.111386
16 0.909612 0.405941 0.019115 0.074257
2 0.923812 0.425743 0.014746 0.138614
8 0.937739 0.478960 0.014200 0.116337
8 0.953577 0.547030 0.021846 0.108911
9 0.280175 0.480198 0.019661 0.163366
14 0.301748 0.488861 0.020208 0.155941
14 0.323594 0.504950 0.022392 0.168317
15 0.347624 0.511139 0.027854 0.185644
8 0.237848 0.331683 0.020208 0.094059