12 0.061133 0.449795 0.037323 0.133197
16 0.032175 0.456967 0.020592 0.106557
16 0.105534 0.451844 0.043758 0.112705
1 0.144144 0.455943 0.030888 0.112705
2 0.181467 0.456967 0.036036 0.106557
1 0.225225 0.459016 0.043758 0.127049
4 0.271557 0.471311 0.051480 0.131148
10 0.335264 0.467213 0.055341 0.127049
8 0.371943 0.472336 0.025740 0.145492
6 0.461390 0.488730 0.032175 0.141393
9 0.500000 0.489754 0.037323 0.127049
4 0.537967 0.490779 0.043758 0.141393
2 0.577864 0.496926 0.043758 0.129098
9 0.615830 0.496926 0.027027 0.137295
5 0.665380 0.496926 0.038610 0.149590
1 0.710425 0.498975 0.043758 0.145492
2 0.755470 0.495902 0.041184 0.139344
9 0.789575 0.498975 0.034749 0.149590
4 0.906692 0.497951 0.042471 0.168033
5 0.842986 0.488730 0.046332 0.149590
2 0.961390 0.507172 0.059202 0.178279