10 0.131387 0.311298 0.019812 0.146635
10 0.148853 0.343750 0.015120 0.173077
15 0.166319 0.340144 0.019812 0.156250
1 0.193691 0.346154 0.016163 0.153846
1 0.208811 0.353365 0.011992 0.149038
10 0.224974 0.366587 0.017205 0.132212
8 0.236184 0.379808 0.009385 0.149038
11 0.248175 0.390625 0.013556 0.146635
9 0.262774 0.403846 0.011470 0.158654
1 0.283368 0.420673 0.022419 0.168269
14 0.302398 0.436298 0.015641 0.141827
8 0.317779 0.457933 0.008863 0.161058
1 0.350886 0.500000 0.020855 0.177885
13 0.371220 0.507212 0.021898 0.153846
1 0.400156 0.525240 0.017205 0.156250
9 0.419187 0.533654 0.014599 0.163462
15 0.436131 0.538462 0.021376 0.158654
8 0.453597 0.545673 0.011470 0.158654
11 0.470542 0.552885 0.018248 0.153846
6 0.492179 0.558894 0.021898 0.165865
9 0.509124 0.566106 0.015120 0.170673
0 0.531543 0.568510 0.025547 0.161058
2 0.551095 0.578125 0.019812 0.165865
8 0.565954 0.579327 0.013034 0.168269
16 0.586288 0.579327 0.013034 0.120192
12 0.603233 0.569712 0.015641 0.177885
1 0.622523 0.561298 0.019812 0.161058
1 0.644943 0.546875 0.021898 0.175481
5 0.666580 0.528846 0.018248 0.158654
16 0.682742 0.508413 0.015120 0.103365
1 0.705944 0.503606 0.025026 0.185096
13 0.726017 0.480769 0.022419 0.187500
12 0.746872 0.496394 0.025547 0.180288
8 0.763816 0.556490 0.021898 0.103365