10 0.779080 0.326775 0.028646 0.050154
9 0.736328 0.320988 0.023003 0.063272
14 0.697917 0.313657 0.021701 0.074846
3 0.627170 0.301312 0.021701 0.076389
4 0.578342 0.288580 0.029948 0.069444
3 0.538411 0.286265 0.028212 0.077160
9 0.458116 0.273148 0.033420 0.074074
4 0.411241 0.253858 0.039497 0.091049
9 0.373047 0.248071 0.026476 0.079475
8 0.350911 0.244599 0.024740 0.061728
5 0.326389 0.241512 0.017361 0.055556
16 0.655382 0.310185 0.029514 0.047840
16 0.495443 0.279707 0.019531 0.056327
16 0.305339 0.242670 0.025608 0.039352