11 0.197049 0.710262 0.019097 0.059414
8 0.217882 0.702546 0.014757 0.054784
15 0.244575 0.695602 0.028212 0.062500
16 0.273003 0.690201 0.023438 0.054784
5 0.302300 0.676312 0.025608 0.056327
11 0.334201 0.673611 0.022569 0.070988
8 0.360894 0.674383 0.014323 0.081790
7 0.384983 0.672840 0.024306 0.081790
7 0.415799 0.677083 0.020833 0.074846
16 0.398003 0.690586 0.010417 0.023148
16 0.434462 0.691744 0.017361 0.047068
10 0.469401 0.686728 0.032552 0.063272
7 0.538194 0.685185 0.022569 0.054012
16 0.564019 0.679012 0.012587 0.041667
10 0.592448 0.665123 0.031250 0.052469
8 0.627604 0.658179 0.019965 0.064815
7 0.646484 0.657407 0.027344 0.064815
5 0.694227 0.649306 0.020399 0.065586
1 0.728733 0.633873 0.035590 0.068673
2 0.759549 0.629630 0.026042 0.069444
7 0.800130 0.625386 0.018663 0.076389
8 0.819010 0.619985 0.013021 0.076389
8 0.855469 0.613812 0.014757 0.071759
12 0.876519 0.627315 0.020399 0.052469