0 0.163194 0.329475 0.032118 0.052469
7 0.173611 0.308642 0.022569 0.044753
16 0.189236 0.285880 0.013021 0.062500
12 0.206814 0.277006 0.017795 0.069444
4 0.230686 0.275463 0.024740 0.063272
1 0.257378 0.278549 0.025174 0.057099
2 0.284288 0.278164 0.019097 0.050154
1 0.308160 0.284336 0.023438 0.059414
4 0.339410 0.286651 0.031250 0.059414
16 0.363281 0.281636 0.012153 0.044753
10 0.386936 0.286265 0.029080 0.060185
8 0.412543 0.289738 0.013455 0.059414
7 0.431858 0.286651 0.016493 0.057870
16 0.447483 0.292438 0.011285 0.054012
11 0.465061 0.290509 0.020399 0.057870
4 0.490885 0.295139 0.026042 0.059414
9 0.516059 0.304784 0.021701 0.052469