1 0.207627 0.524786 0.042373 0.133333
8 0.238829 0.527350 0.018490 0.124786
4 0.276965 0.518803 0.051618 0.124786
8 0.312018 0.523077 0.009245 0.129915
5 0.340524 0.525641 0.027735 0.138462
15 0.374422 0.527350 0.036980 0.141880
16 0.398690 0.515385 0.014638 0.087179
4 0.437596 0.528205 0.053929 0.129915
8 0.478428 0.525641 0.015408 0.128205
10 0.513867 0.521368 0.047766 0.129915
11 0.565100 0.524786 0.036210 0.147009
8 0.602465 0.518803 0.015408 0.135043
16 0.630200 0.512821 0.016949 0.112821
10 0.674114 0.515385 0.052388 0.128205
11 0.721880 0.505128 0.047766 0.138462
9 0.761556 0.512821 0.042373 0.116239
7 0.797766 0.534188 0.037750 0.114530
5 0.217257 0.669231 0.036980 0.131624
5 0.251156 0.677778 0.024653 0.141880
1 0.287750 0.670940 0.040832 0.138462
11 0.319723 0.667521 0.027735 0.131624
8 0.353236 0.665812 0.014638 0.121368
16 0.377504 0.670940 0.015408 0.076923
16 0.832049 0.605983 0.038521 0.114530
16 0.846687 0.676923 0.046225 0.092308
0 0.854777 0.754701 0.056240 0.080342
0 0.853236 0.833333 0.056240 0.032479