3 0.023135 0.233542 0.024171 0.329154
3 0.050414 0.228840 0.033149 0.338558
3 0.082873 0.224138 0.030387 0.347962
3 0.112569 0.244514 0.030387 0.338558
3 0.146409 0.242947 0.034530 0.322884
3 0.179213 0.233542 0.035221 0.373041
3 0.211671 0.236677 0.039365 0.322884
3 0.253798 0.235110 0.042127 0.363636
13 0.293854 0.250784 0.040746 0.363636
13 0.341160 0.246082 0.044199 0.373041
13 0.385359 0.247649 0.041436 0.376176
9 0.426450 0.255486 0.037983 0.379310
9 0.465470 0.242947 0.037293 0.379310
12 0.549033 0.257053 0.031768 0.376176
1 0.667472 0.269592 0.049033 0.382445
11 0.711671 0.264890 0.039365 0.410658
11 0.755870 0.257053 0.044890 0.394984
11 0.803177 0.264890 0.031768 0.416928
16 0.825622 0.275862 0.013122 0.238245
3 0.845994 0.271160 0.030387 0.398119
14 0.878798 0.261755 0.036602 0.416928
1 0.922307 0.261755 0.050414 0.429467
16 0.959945 0.269592 0.015193 0.394984
10 0.505870 0.253918 0.032459 0.376176