13 0.656166 0.318687 0.033183 0.225947
8 0.235754 0.488703 0.019464 0.125139
8 0.298472 0.416321 0.020296 0.136507
9 0.426430 0.329321 0.017389 0.183388
8 0.721505 0.370095 0.023966 0.216926
5 0.417424 0.180717 0.022001 0.080732
10 0.887236 0.415661 0.021968 0.082605
8 0.494927 0.303668 0.015118 0.203700
8 0.343193 0.244457 0.019761 0.072105
8 0.744560 0.392150 0.021834 0.200067
8 0.325822 0.395960 0.022489 0.149688
8 0.264070 0.334144 0.015209 0.063999
5 0.390096 0.198163 0.019031 0.081568
10 0.879883 0.398923 0.014191 0.074673
16 0.815345 0.301393 0.012513 0.066172
9 0.588931 0.298763 0.015671 0.206237
8 0.669966 0.147417 0.010580 0.113513
0 0.691252 0.156876 0.025001 0.107966
