9 0.549630 0.408962 0.016631 0.089973
5 0.586078 0.416759 0.016809 0.090139
7 0.520592 0.401411 0.012721 0.087271
1 0.409692 0.396809 0.022126 0.083666
13 0.663107 0.437968 0.025110 0.095884
1 0.567927 0.414305 0.016927 0.092988
9 0.389281 0.397834 0.014611 0.084881
1 0.622536 0.426551 0.020143 0.088782
5 0.431189 0.393938 0.015218 0.078341
1 0.473761 0.394387 0.021942 0.080020
9 0.602211 0.417127 0.015562 0.083627
8 0.508367 0.397802 0.010030 0.081694
11 0.701585 0.441233 0.013273 0.088700
8 0.357635 0.415565 0.017328 0.077341
7 0.602010 0.415691 0.015186 0.082277
5 0.496354 0.397953 0.014382 0.082588
0 0.686310 0.439851 0.018408 0.089285
4 0.337715 0.428504 0.021039 0.072309
10 0.448898 0.391607 0.017955 0.077847
16 0.535033 0.403124 0.011490 0.063071
