2 0.026889 0.787565 0.020487 0.096718
14 0.051857 0.778066 0.037132 0.077720
13 0.088988 0.760794 0.042254 0.084629
1 0.124840 0.759931 0.039693 0.079447
7 0.158771 0.742660 0.028169 0.069085
9 0.218950 0.723661 0.028169 0.075993
15 0.253521 0.721934 0.038412 0.075993
16 0.280410 0.708117 0.017926 0.041451
5 0.310499 0.708981 0.029449 0.074266
1 0.355954 0.701209 0.051216 0.065630
2 0.402689 0.693437 0.039693 0.060449
13 0.448784 0.685665 0.047375 0.069085
8 0.482714 0.685665 0.015365 0.069085
8 0.514725 0.679620 0.033291 0.067358
14 0.555698 0.683938 0.040973 0.069085
12 0.590909 0.683074 0.034571 0.070812
8 0.617798 0.683938 0.019206 0.069085
8 0.653009 0.680484 0.038412 0.069085
3 0.687580 0.683938 0.033291 0.069085
7 0.721511 0.688256 0.034571 0.077720
10 0.756082 0.689119 0.039693 0.075993
9 0.787452 0.693437 0.028169 0.084629
11 0.889885 0.709845 0.033291 0.072539
9 0.921895 0.720207 0.030730 0.079447
1 0.953265 0.737478 0.034571 0.069085