13 0.099391 0.861511 0.064909 0.111511
16 0.135903 0.865108 0.016227 0.068345
8 0.158215 0.865108 0.016227 0.104317
4 0.178499 0.866906 0.028398 0.107914
8 0.200811 0.865108 0.012170 0.097122
5 0.223124 0.865108 0.028398 0.111511
16 0.246450 0.875899 0.014199 0.082734
1 0.266734 0.859712 0.030426 0.107914
4 0.308316 0.857914 0.036511 0.104317
16 0.333671 0.866906 0.018256 0.057554
12 0.354970 0.857914 0.028398 0.104317
8 0.375254 0.857914 0.012170 0.104317
16 0.386410 0.857914 0.010142 0.046763
14 0.456389 0.857914 0.020284 0.111511
14 0.479716 0.856115 0.022312 0.100719
2 0.508114 0.854317 0.030426 0.097122
12 0.551724 0.857914 0.032454 0.104317
16 0.527383 0.861511 0.016227 0.068345
9 0.582150 0.854317 0.024341 0.104317
16 0.602434 0.852518 0.020284 0.071942
2 0.623732 0.847122 0.026369 0.097122
8 0.645030 0.850719 0.012170 0.104317
16 0.657201 0.850719 0.016227 0.061151
0 0.679513 0.848921 0.032454 0.107914
4 0.718053 0.847122 0.024341 0.104317
16 0.736308 0.850719 0.020284 0.039568
7 0.760649 0.852518 0.028398 0.107914
9 0.781947 0.847122 0.014199 0.089928
13 0.806288 0.845324 0.034483 0.115108
9 0.862069 0.845324 0.024341 0.107914
16 0.882353 0.847122 0.012170 0.068345
14 0.836714 0.845324 0.018256 0.107914
14 0.925963 0.843525 0.018256 0.111511