13 0.193182 0.497135 0.035714 0.065903
8 0.233766 0.498567 0.016234 0.068768
8 0.252435 0.497135 0.017857 0.065903
5 0.277597 0.494269 0.029221 0.065903
8 0.297078 0.494269 0.012987 0.060172
14 0.200487 0.422636 0.017857 0.065903
8 0.215909 0.421203 0.009740 0.063037
7 0.229708 0.418338 0.014610 0.068768
7 0.241883 0.419771 0.012987 0.071633
9 0.257305 0.418338 0.014610 0.068768
16 0.266234 0.418338 0.009740 0.028653
14 0.298701 0.416905 0.016234 0.065903
16 0.308442 0.500000 0.009740 0.054441
4 0.329545 0.492837 0.025974 0.068768
16 0.353896 0.495702 0.022727 0.063037
12 0.383117 0.494269 0.025974 0.071633
8 0.400974 0.491404 0.009740 0.060172
2 0.416396 0.489971 0.021104 0.063037
8 0.430195 0.494269 0.009740 0.065903
1 0.447240 0.492837 0.021104 0.063037
13 0.469968 0.488539 0.024351 0.065903
16 0.486201 0.492837 0.008117 0.057307
2 0.500812 0.494269 0.017857 0.071633
8 0.519481 0.488539 0.012987 0.065903
14 0.534903 0.488539 0.014610 0.065903
16 0.545455 0.491404 0.009740 0.054441
8 0.556006 0.482808 0.008117 0.054441
14 0.571429 0.485673 0.016234 0.065903
16 0.584416 0.491404 0.012987 0.042980
5 0.603084 0.488539 0.024351 0.071633
1 0.625000 0.491404 0.022727 0.077364
2 0.647727 0.489971 0.019481 0.068768
16 0.666396 0.489971 0.011364 0.063037
7 0.678571 0.485673 0.016234 0.077364
2 0.702922 0.487106 0.019481 0.068768
8 0.717532 0.487106 0.012987 0.063037
16 0.726461 0.488539 0.008117 0.031519
6 0.745130 0.485673 0.025974 0.065903
9 0.765422 0.481375 0.017857 0.063037
16 0.801136 0.475645 0.014610 0.034384
8 0.835227 0.482808 0.011364 0.065903
5 0.815747 0.481375 0.017857 0.063037
5 0.867695 0.405444 0.017857 0.065903
4 0.842532 0.405444 0.022727 0.071633
8 0.823864 0.404011 0.008117 0.074499
0 0.804383 0.405444 0.030844 0.071633
1 0.779221 0.405444 0.022727 0.071633
16 0.757305 0.402579 0.014610 0.042980
5 0.280032 0.415473 0.017857 0.068768
8 0.314123 0.415473 0.011364 0.068768
8 0.326299 0.411175 0.012987 0.065903
16 0.339286 0.419771 0.009740 0.060172
2 0.352273 0.411175 0.019481 0.071633
9 0.370942 0.416905 0.017857 0.077364
16 0.383117 0.409742 0.009740 0.040115
14 0.395292 0.414040 0.014610 0.065903
8 0.406656 0.414040 0.011364 0.071633
14 0.419643 0.415473 0.014610 0.074499
16 0.429383 0.419771 0.008117 0.037249
6 0.444805 0.412607 0.016234 0.074499
1 0.463474 0.408309 0.017857 0.060172
5 0.479708 0.411175 0.017857 0.065903
0 0.504870 0.408309 0.022727 0.071633
4 0.522727 0.408309 0.016234 0.071633
1 0.540584 0.406877 0.019481 0.080229
16 0.555195 0.409742 0.009740 0.051576
4 0.570617 0.405444 0.024351 0.065903
8 0.584416 0.411175 0.009740 0.060172
2 0.599838 0.404011 0.017857 0.068768
0 0.622565 0.408309 0.030844 0.065903
8 0.642857 0.406877 0.009740 0.063037
16 0.653409 0.408309 0.011364 0.060172
8 0.667208 0.404011 0.009740 0.063037
14 0.685065 0.406877 0.025974 0.063037
8 0.703734 0.405444 0.011364 0.065903
4 0.720779 0.408309 0.022727 0.077364
9 0.741883 0.408309 0.012987 0.071633