16 0.063203 0.300173 0.010390 0.046713
8 0.074459 0.304498 0.012121 0.055363
7 0.087013 0.299308 0.012987 0.058824
16 0.099567 0.292388 0.008658 0.031142
2 0.113420 0.303633 0.017316 0.053633
9 0.128139 0.300173 0.013853 0.053633
16 0.139827 0.303633 0.007792 0.043253
1 0.155844 0.301903 0.017316 0.050173
16 0.167532 0.307958 0.006061 0.027682
4 0.178788 0.302768 0.016450 0.058824
16 0.190909 0.302768 0.007792 0.031142
14 0.202165 0.302768 0.014719 0.055363
8 0.213853 0.303633 0.010390 0.053633
2 0.231169 0.301903 0.019048 0.053633
8 0.244589 0.303633 0.007792 0.053633
14 0.256710 0.304498 0.014719 0.055363
16 0.269697 0.299308 0.009524 0.044983
0 0.289610 0.302768 0.021645 0.058824
16 0.302597 0.306228 0.009524 0.024221
5 0.315584 0.300173 0.021645 0.050173
1 0.335931 0.303633 0.020779 0.060554
16 0.371429 0.307958 0.006926 0.055363
12 0.383117 0.302768 0.018182 0.065744
1 0.403896 0.301903 0.016450 0.070934
1 0.430736 0.301038 0.004329 0.055363
16 0.445455 0.301903 0.018182 0.039792
0 0.467965 0.303633 0.021645 0.060554
8 0.481385 0.304498 0.006926 0.058824
4 0.417749 0.304498 0.018182 0.058824
1 0.493939 0.300173 0.016450 0.057093
4 0.503463 0.300173 0.016450 0.053633
14 0.522078 0.302768 0.013853 0.065744
11 0.538095 0.314014 0.019913 0.039792
16 0.552814 0.306228 0.011255 0.034602
6 0.572294 0.302768 0.020779 0.058824
4 0.619481 0.301038 0.025108 0.055363
2 0.643290 0.298443 0.017316 0.064014
16 0.655411 0.302768 0.008658 0.055363
4 0.672727 0.302768 0.020779 0.062284
5 0.706061 0.299308 0.021645 0.062284
7 0.919481 0.301038 0.008658 0.065744
8 0.909524 0.300173 0.007792 0.057093
2 0.893939 0.299308 0.014719 0.055363
16 0.880519 0.299308 0.005195 0.031142
9 0.870996 0.299308 0.012121 0.058824
7 0.858009 0.301038 0.013853 0.062284
7 0.845022 0.300173 0.013853 0.060554
8 0.833333 0.299308 0.007792 0.058824
13 0.819048 0.299308 0.020779 0.058824
16 0.808225 0.304498 0.009524 0.031142
8 0.800000 0.301038 0.008658 0.062284
4 0.783117 0.299308 0.018182 0.062284
16 0.770996 0.301038 0.006061 0.048443
1 0.759307 0.301038 0.015584 0.062284
7 0.743723 0.299308 0.012121 0.058824
8 0.734199 0.301038 0.008658 0.062284
9 0.722944 0.300173 0.010390 0.057093