11 0.065566 0.193005 0.016949 0.059585
14 0.080285 0.181347 0.014273 0.072539
9 0.092328 0.186528 0.011597 0.067358
16 0.100803 0.180052 0.008921 0.049223
8 0.111508 0.181347 0.007136 0.067358
5 0.125781 0.180052 0.016057 0.069948
12 0.143176 0.185233 0.015165 0.075130
16 0.158341 0.186528 0.008029 0.051813
16 0.174398 0.190415 0.008029 0.038860
8 0.165477 0.185233 0.008029 0.069948
13 0.189117 0.183938 0.021409 0.072539
14 0.205620 0.185233 0.008029 0.080311
5 0.222569 0.189119 0.016949 0.093264
4 0.237734 0.187824 0.015165 0.080311
1 0.254237 0.189119 0.012489 0.082902
13 0.269848 0.186528 0.018733 0.077720
16 0.281891 0.183938 0.012489 0.046632
14 0.298840 0.186528 0.016057 0.072539
1 0.315343 0.185233 0.015165 0.080311
13 0.331401 0.189119 0.016949 0.077720
16 0.342105 0.189119 0.006244 0.041451
5 0.356378 0.185233 0.018733 0.080311
5 0.371989 0.185233 0.017841 0.080311
1 0.389384 0.187824 0.013381 0.080311
14 0.400535 0.189119 0.007136 0.082902
8 0.407226 0.185233 0.006244 0.069948
7 0.414808 0.186528 0.008921 0.082902
16 0.421945 0.173575 0.008921 0.036269
1 0.431757 0.187824 0.012489 0.080311
4 0.447368 0.191710 0.011597 0.082902
2 0.460749 0.186528 0.015165 0.077720
16 0.473238 0.189119 0.008029 0.062176
8 0.483497 0.189119 0.008921 0.082902
6 0.499554 0.187824 0.010705 0.080311
8 0.511151 0.181347 0.010705 0.082902
14 0.521855 0.186528 0.012489 0.082902
13 0.541927 0.186528 0.018733 0.082902
8 0.553524 0.189119 0.008029 0.077720
2 0.566012 0.183938 0.015165 0.088083
9 0.582962 0.189119 0.009813 0.088083
7 0.597681 0.186528 0.010705 0.082902
16 0.609723 0.160622 0.008029 0.025907
12 0.623996 0.187824 0.016949 0.080311
1 0.641392 0.190415 0.019625 0.085492
4 0.655219 0.191710 0.011597 0.082902
5 0.672168 0.187824 0.013381 0.085492
1 0.684211 0.187824 0.019625 0.095855
16 0.696253 0.186528 0.009813 0.056995
14 0.722569 0.193005 0.014273 0.085492
5 0.708742 0.187824 0.013381 0.069948
8 0.733274 0.193005 0.012489 0.080311
7 0.746209 0.190415 0.015165 0.085492
16 0.757360 0.191710 0.007136 0.067358
0 0.779215 0.190415 0.022302 0.080311
1 0.802855 0.189119 0.014273 0.093264
8 0.812667 0.193005 0.007136 0.085492
5 0.824710 0.191710 0.016949 0.088083
16 0.831847 0.196891 0.011597 0.031088
12 0.844781 0.191710 0.019625 0.082902
4 0.868421 0.193005 0.016949 0.085492
6 0.884924 0.193005 0.016057 0.090674
16 0.896521 0.189119 0.007136 0.031088
2 0.907226 0.189119 0.014273 0.082902
9 0.920161 0.191710 0.013381 0.098446
16 0.925959 0.185233 0.010705 0.059585
8 0.937110 0.190415 0.006244 0.085492
7 0.947368 0.186528 0.010705 0.103627
16 0.955397 0.198187 0.007136 0.075130
8 0.963426 0.187824 0.007136 0.075130
11 0.060214 0.268135 0.015165 0.080311
16 0.069135 0.275907 0.006244 0.044041
3 0.082962 0.269430 0.017841 0.077720
16 0.095450 0.256477 0.007136 0.025907
9 0.102587 0.270725 0.012489 0.080311
14 0.113292 0.268135 0.008921 0.069948
14 0.119982 0.270725 0.006244 0.069948
14 0.127119 0.277202 0.006244 0.051813
13 0.136931 0.273316 0.015165 0.075130
16 0.148082 0.277202 0.008921 0.046632
5 0.157895 0.275907 0.012489 0.075130
4 0.170830 0.282383 0.013381 0.088083
8 0.180196 0.281088 0.007136 0.095855
5 0.193577 0.279793 0.016057 0.082902
7 0.206066 0.277202 0.012489 0.082902
8 0.212756 0.281088 0.006244 0.075130
14 0.220785 0.282383 0.008029 0.077720
13 0.233274 0.273316 0.018733 0.075130
16 0.244871 0.274611 0.008029 0.036269
7 0.366191 0.274611 0.013381 0.088083
7 0.355486 0.272021 0.015165 0.067358
13 0.340321 0.275907 0.016949 0.075130
9 0.328278 0.277202 0.008921 0.067358
16 0.321588 0.281088 0.008029 0.075130
13 0.304639 0.269430 0.018733 0.067358
1 0.289920 0.273316 0.012489 0.080311
9 0.275201 0.273316 0.013381 0.075130
8 0.264050 0.277202 0.005352 0.072539
5 0.257360 0.279793 0.011597 0.088083