2 0.249123 0.189815 0.024561 0.078704
4 0.277193 0.163194 0.028070 0.081019
3 0.300439 0.150463 0.020175 0.083333
11 0.320175 0.149306 0.019298 0.094907
8 0.336404 0.160880 0.013158 0.076389
16 0.346491 0.162037 0.010526 0.046296
1 0.363596 0.171296 0.018421 0.074074
5 0.382895 0.180556 0.014912 0.078704
16 0.393860 0.197917 0.010526 0.039352
8 0.403509 0.200231 0.010526 0.071759
7 0.418860 0.206019 0.020175 0.069444
5 0.435526 0.218750 0.018421 0.071759
1 0.460088 0.234954 0.023684 0.076389
14 0.479825 0.247685 0.024561 0.069444
0 0.501754 0.252315 0.021053 0.069444
4 0.522368 0.270833 0.018421 0.078704
16 0.537281 0.278935 0.009649 0.053241
14 0.552193 0.278935 0.021930 0.076389
11 0.582456 0.288194 0.028070 0.076389
1 0.605263 0.300926 0.021053 0.060185
16 0.620614 0.307870 0.006140 0.041667
4 0.636404 0.314815 0.016667 0.069444
8 0.652193 0.328704 0.011404 0.069444
11 0.666228 0.331019 0.014912 0.064815
9 0.681140 0.347222 0.023684 0.064815
10 0.725877 0.383102 0.025439 0.067130
11 0.749561 0.381944 0.018421 0.078704
9 0.770175 0.399306 0.017544 0.076389
8 0.786842 0.417824 0.008772 0.057870
7 0.801316 0.431713 0.014912 0.062500
7 0.815351 0.453704 0.013158 0.032407
8 0.824123 0.452546 0.013158 0.048611
0 0.837281 0.465278 0.020175 0.064815
11 0.853947 0.496528 0.020175 0.057870
8 0.866667 0.521991 0.014035 0.053241
15 0.875877 0.550926 0.021930 0.060185
16 0.889035 0.578704 0.009649 0.032407
10 0.899123 0.611111 0.014035 0.069444
11 0.917544 0.678241 0.017544 0.055556