11 0.821165 0.221326 0.028651 0.059140
10 0.797597 0.206093 0.014787 0.053763
8 0.780499 0.204301 0.012015 0.050179
4 0.763863 0.203405 0.026802 0.051971
16 0.748614 0.201613 0.012939 0.030466
15 0.731516 0.219534 0.021257 0.051971
8 0.717652 0.219534 0.008318 0.051971
12 0.702865 0.224014 0.021257 0.060932
1 0.681146 0.234767 0.018484 0.064516
4 0.652495 0.246416 0.022181 0.066308
0 0.626617 0.253584 0.018484 0.059140
8 0.614603 0.266129 0.012939 0.041219
9 0.599815 0.272401 0.016636 0.039427
0 0.580407 0.280466 0.022181 0.044803
3 0.558226 0.294803 0.018484 0.041219
16 0.546673 0.304659 0.006470 0.028674
7 0.532810 0.310932 0.021257 0.048387
8 0.518022 0.316308 0.006470 0.044803
16 0.509704 0.326165 0.004621 0.025090
7 0.493068 0.331541 0.021257 0.043011
8 0.480129 0.332437 0.015712 0.048387
10 0.462569 0.346774 0.019409 0.037634
9 0.436229 0.359319 0.016636 0.048387
11 0.418207 0.364695 0.019409 0.051971
7 0.402033 0.383513 0.022181 0.043011
3 0.383549 0.392473 0.020333 0.043011
12 0.365527 0.399642 0.023105 0.046595
16 0.351664 0.405914 0.008318 0.037634
11 0.336414 0.414875 0.016636 0.044803
11 0.294824 0.435484 0.020333 0.039427
10 0.275878 0.445341 0.021257 0.041219
0 0.257394 0.457885 0.021257 0.044803
8 0.243530 0.479391 0.013863 0.044803
5 0.228743 0.482079 0.015712 0.046595
7 0.215342 0.505376 0.016636 0.043011
8 0.205176 0.512545 0.011091 0.039427
16 0.195933 0.519713 0.007394 0.025090
5 0.188078 0.530466 0.013863 0.039427
1 0.173290 0.549283 0.024954 0.044803
7 0.151109 0.594086 0.023105 0.034050
8 0.145102 0.612007 0.022181 0.019713
1 0.114140 0.730287 0.024954 0.034050
2 0.108133 0.776882 0.024030 0.044803