0 0.595471 0.340604 0.031433 0.116187
10 0.314330 0.509074 0.019687 0.077670
4 0.827663 0.398766 0.032037 0.123991
11 0.629134 0.350054 0.026416 0.115921
8 0.215387 0.514902 0.010677 0.083272
1 0.743592 0.367905 0.029893 0.122644
11 0.344857 0.364454 0.023561 0.113744
10 0.782095 0.650212 0.025609 0.112484
8 0.340516 0.515156 0.010153 0.080987
8 0.276616 0.508448 0.011897 0.084423
16 0.246348 0.515168 0.009713 0.064415
11 0.408789 0.355609 0.020985 0.112121
10 0.201599 0.516499 0.011996 0.081177
8 0.648537 0.349846 0.012317 0.121343
0 0.878312 0.422506 0.033435 0.099717
7 0.446031 0.357091 0.016263 0.116892
0 0.871995 0.413374 0.031934 0.117969
10 0.299271 0.362116 0.022855 0.089563
8 0.702427 0.630613 0.009842 0.109690
10 0.535122 0.353159 0.019957 0.106746
8 0.294287 0.507323 0.010889 0.083426
10 0.386148 0.360780 0.020459 0.113648
16 0.734304 0.642494 0.012208 0.080882
0 0.229326 0.203515 0.061073 0.224349
16 0.412677 0.524124 0.013524 0.087335
11 0.413350 0.355692 0.015068 0.109641
8 0.398805 0.519283 0.012652 0.101072
7 0.427635 0.356970 0.015794 0.113069
5 0.712062 0.355512 0.027635 0.125474
0 0.892385 0.431723 0.034497 0.105671
5 0.595763 0.342552 0.030668 0.113975
8 0.259475 0.507543 0.013122 0.087963
10 0.397360 0.354412 0.009537 0.102907
10 0.193291 0.520270 0.014728 0.074526
