12 0.190903 0.483229 0.024343 0.140461
1 0.214286 0.481132 0.017297 0.148847
4 0.244074 0.473795 0.029468 0.146751
10 0.269699 0.471698 0.024343 0.146751
8 0.287316 0.472746 0.009609 0.127883
7 0.302691 0.462264 0.021140 0.144654
16 0.316784 0.474843 0.012172 0.106918
9 0.338565 0.465409 0.023703 0.155136
6 0.360987 0.469602 0.027546 0.142558
9 0.393978 0.460168 0.024343 0.144654
5 0.416079 0.461216 0.024984 0.129979
8 0.433376 0.469602 0.009609 0.125786
14 0.483024 0.467505 0.017937 0.146751
9 0.456118 0.483229 0.023062 0.098532
8 0.499680 0.469602 0.005125 0.125786
16 0.511531 0.466457 0.012172 0.119497
8 0.522422 0.464361 0.008328 0.123690
16 0.534914 0.467505 0.010250 0.113208
12 0.546765 0.465409 0.014734 0.129979
9 0.564061 0.471698 0.013453 0.113208
2 0.582319 0.471698 0.016656 0.104822
1 0.612428 0.467505 0.025625 0.117400
13 0.645420 0.455975 0.040359 0.119497