1 0.036266 0.310891 0.041617 0.099010
8 0.077883 0.311881 0.022592 0.085149
2 0.108205 0.311881 0.030916 0.077228
4 0.157551 0.313861 0.043995 0.081188
16 0.192033 0.318812 0.024970 0.055446
14 0.216409 0.321782 0.023781 0.081188
8 0.240785 0.326733 0.015458 0.087129
11 0.271106 0.325743 0.028537 0.081188
11 0.310345 0.330693 0.042806 0.083168
8 0.344828 0.333663 0.014269 0.073267
9 0.397146 0.339604 0.021403 0.077228
9 0.425684 0.337624 0.026159 0.077228
11 0.454816 0.343564 0.027348 0.077228
9 0.478002 0.346535 0.019025 0.075248
9 0.502973 0.352475 0.014269 0.075248
9 0.524970 0.352475 0.017836 0.075248
2 0.547562 0.355446 0.024970 0.073267
2 0.629013 0.377228 0.035672 0.073267
2 0.592152 0.362376 0.019025 0.079208
8 0.570155 0.366337 0.015458 0.075248
16 0.656361 0.389109 0.026159 0.045545
5 0.717004 0.388119 0.030916 0.075248
8 0.517241 0.456436 0.030916 0.104950
2 0.543995 0.444554 0.027348 0.069307
9 0.568371 0.451485 0.026159 0.067327
5 0.588585 0.453465 0.016647 0.055446
1 0.616528 0.448515 0.041617 0.057426
10 0.369798 0.335644 0.028537 0.085149
11 0.750892 0.395050 0.032105 0.077228
8 0.780618 0.411881 0.022592 0.083168
15 0.810939 0.410891 0.035672 0.089109
15 0.841260 0.419802 0.024970 0.075248
15 0.863258 0.425743 0.021403 0.067327
15 0.891201 0.431683 0.029727 0.071287
4 0.927467 0.437624 0.035672 0.075248
7 0.872771 0.548515 0.016647 0.075248
7 0.853151 0.540594 0.017836 0.067327
10 0.825803 0.531683 0.022592 0.077228
13 0.803805 0.535644 0.023781 0.073267
1 0.771700 0.527723 0.028537 0.065347
7 0.745541 0.526733 0.019025 0.063366
11 0.721165 0.520792 0.017836 0.039604
1 0.692033 0.510891 0.028537 0.047525
13 0.670036 0.515842 0.017836 0.045545