4 0.177703 0.714115 0.058108 0.112440
3 0.222297 0.704545 0.022973 0.112440
10 0.249324 0.691388 0.036486 0.090909
11 0.276351 0.684211 0.028378 0.105263
8 0.323649 0.660287 0.020270 0.105263
9 0.397973 0.636364 0.028378 0.090909
1 0.431081 0.618421 0.040541 0.069378
5 0.457432 0.599282 0.022973 0.064593
16 0.481081 0.598086 0.013514 0.052632
7 0.495270 0.590909 0.017568 0.086124
8 0.515541 0.572967 0.020270 0.093301
8 0.535811 0.552632 0.025676 0.086124
8 0.562162 0.538278 0.021622 0.081340
0 0.584459 0.527512 0.022973 0.083732
15 0.613514 0.510766 0.027027 0.093301
9 0.636486 0.471292 0.029730 0.095694
5 0.670946 0.456938 0.022973 0.081340
8 0.699324 0.433014 0.020270 0.076555
16 0.716216 0.410287 0.010811 0.045455
9 0.732432 0.407895 0.018919 0.074163
9 0.762838 0.385167 0.041892 0.076555
5 0.791892 0.354067 0.024324 0.081340
6 0.845270 0.332536 0.033784 0.081340
9 0.875000 0.314593 0.022973 0.069378
5 0.902027 0.282297 0.028378 0.062201
1 0.933784 0.236842 0.043243 0.062201
9 0.958784 0.196172 0.047297 0.052632
16 0.967568 0.162679 0.032432 0.028708
1 0.977027 0.118421 0.048649 0.050239