11 0.168478 0.443299 0.030193 0.070103
8 0.181763 0.471134 0.020531 0.063918
11 0.203502 0.470103 0.030193 0.078351
1 0.222222 0.492784 0.019324 0.065979
8 0.240942 0.496907 0.013285 0.057732
8 0.254831 0.503093 0.019324 0.057732
2 0.290459 0.518557 0.013285 0.059794
9 0.309179 0.527835 0.014493 0.061856
13 0.333937 0.532990 0.032609 0.068041
9 0.356884 0.539175 0.015700 0.068041
2 0.377415 0.541237 0.022947 0.063918
16 0.399758 0.551546 0.014493 0.030928
10 0.421498 0.554639 0.024155 0.061856
8 0.440821 0.559794 0.014493 0.055670
7 0.465580 0.562887 0.027778 0.065979
16 0.485507 0.571134 0.009662 0.041237
14 0.498792 0.571134 0.019324 0.057732
8 0.513889 0.576289 0.013285 0.051546
0 0.533213 0.580412 0.025362 0.063918
8 0.550725 0.585567 0.007246 0.065979
15 0.566425 0.588660 0.021739 0.068041
16 0.578502 0.582474 0.016908 0.035052
9 0.592995 0.593814 0.024155 0.065979
1 0.613527 0.600000 0.024155 0.065979
5 0.634058 0.603093 0.021739 0.063918
16 0.645531 0.613402 0.013285 0.030928
7 0.852053 0.636082 0.027778 0.076289
1 0.820048 0.630928 0.024155 0.082474
4 0.794082 0.627835 0.025362 0.084536
16 0.771739 0.607216 0.016908 0.035052
15 0.765700 0.621649 0.026570 0.076289
8 0.746981 0.614433 0.010870 0.070103
12 0.733092 0.616495 0.019324 0.074227
9 0.709541 0.612371 0.020531 0.065979
11 0.688406 0.615464 0.021739 0.068041
10 0.666063 0.608247 0.020531 0.057732