8 0.220085 0.200867 0.038462 0.315029
14 0.304131 0.232659 0.015670 0.309249
15 0.336895 0.251445 0.047009 0.312139
9 0.386752 0.270231 0.047009 0.315029
9 0.421652 0.268786 0.037037 0.306358
2 0.458689 0.293353 0.042735 0.303468
5 0.511396 0.283237 0.059829 0.260116
9 0.556980 0.322254 0.034188 0.251445
4 0.596866 0.322254 0.051282 0.291908
1 0.649573 0.364162 0.054131 0.358382
9 0.688034 0.362717 0.034188 0.332370
1 0.752849 0.414740 0.049858 0.251445
3 0.794872 0.393064 0.034188 0.294798
8 0.834758 0.413295 0.037037 0.323699
2 0.185185 0.567919 0.059829 0.338150
16 0.134615 0.567919 0.035613 0.338150
8 0.229345 0.579480 0.037037 0.338150
9 0.262821 0.569364 0.044160 0.317919
9 0.301994 0.576590 0.054131 0.280347
9 0.365385 0.609827 0.055556 0.289017
0 0.417379 0.608382 0.065527 0.286127
5 0.469373 0.624277 0.049858 0.283237
8 0.506410 0.634393 0.027066 0.251445
1 0.549858 0.660405 0.056980 0.263006
5 0.594017 0.641618 0.037037 0.265896
8 0.613248 0.643064 0.015670 0.251445
16 0.665242 0.679191 0.051282 0.196532