7 0.326600 0.121351 0.016432 0.061880
4 0.468376 0.107881 0.026024 0.068076
1 0.635077 0.082727 0.034817 0.066590
1 0.450183 0.192063 0.038256 0.074220
1 0.298240 0.123759 0.032887 0.063709
1 0.290600 0.273296 0.028517 0.059902
5 0.379745 0.116848 0.021696 0.069972
1 0.513983 0.182555 0.033255 0.078718
1 0.663243 0.154542 0.035547 0.063561
8 0.418978 0.116815 0.012456 0.067765
8 0.541887 0.099208 0.012300 0.060344
8 0.444184 0.113345 0.014046 0.067481
1 0.264181 0.128564 0.029916 0.058433
8 0.398721 0.117683 0.016289 0.067429
14 0.604026 0.085722 0.021285 0.065987
8 0.427353 0.117370 0.011750 0.065909
10 0.740349 0.072932 0.027312 0.059353
4 0.347220 0.195151 0.034402 0.072369
15 0.518809 0.101628 0.030704 0.063894
8 0.422941 0.115670 0.016109 0.068067
2 0.323503 0.196914 0.017872 0.072716
7 0.282030 0.201328 0.025610 0.069130
7 0.558654 0.097454 0.017692 0.061902
2 0.380370 0.116926 0.021932 0.071141
16 0.352596 0.118440 0.027813 0.063604
14 0.491984 0.104643 0.018068 0.063657
