9 0.260000 0.306355 0.055000 0.214628
1 0.200833 0.291966 0.071667 0.214628
7 0.324167 0.312350 0.056667 0.221823
5 0.372500 0.307554 0.053333 0.193046
9 0.430417 0.301559 0.074167 0.171463
4 0.498333 0.302758 0.063333 0.207434
2 0.562083 0.306355 0.050833 0.207434
14 0.604583 0.335731 0.024167 0.105516
5 0.629583 0.251199 0.024167 0.073141
5 0.684167 0.243405 0.043333 0.081535
14 0.642083 0.322542 0.025833 0.091127
14 0.698333 0.326739 0.038333 0.085132
5 0.754167 0.238010 0.030000 0.085132
10 0.832083 0.309952 0.037500 0.121103
15 0.785000 0.317146 0.068333 0.106715