5 0.024648 0.397281 0.045775 0.135952
1 0.077465 0.392749 0.052817 0.096677
8 0.113556 0.394260 0.026408 0.105740
2 0.141725 0.401813 0.036972 0.114804
4 0.186620 0.398792 0.059859 0.138973
4 0.267606 0.395770 0.049296 0.102719
9 0.316021 0.407855 0.036972 0.126888
9 0.355634 0.413897 0.031690 0.102719
10 0.391725 0.401813 0.044014 0.090634
11 0.441021 0.413897 0.044014 0.090634
8 0.476232 0.407855 0.026408 0.114804
16 0.506162 0.410876 0.026408 0.084592
10 0.543134 0.410876 0.044014 0.090634
11 0.580986 0.433535 0.035211 0.111782
9 0.622359 0.429003 0.036972 0.114804
8 0.650528 0.427492 0.033451 0.111782
7 0.683979 0.430514 0.047535 0.123867
7 0.726232 0.447130 0.036972 0.102719
2 0.803697 0.448640 0.040493 0.111782
9 0.856514 0.460725 0.044014 0.117825
10 0.897887 0.459215 0.049296 0.096677
10 0.936620 0.468278 0.024648 0.120846
16 0.966549 0.477341 0.035211 0.072508