12 0.047218 0.157258 0.020236 0.185484
14 0.091906 0.169355 0.021922 0.145161
8 0.106239 0.173387 0.013491 0.137097
14 0.129848 0.177419 0.030354 0.145161
14 0.159359 0.173387 0.032040 0.137097
9 0.188027 0.185484 0.028668 0.129032
4 0.219224 0.185484 0.020236 0.129032
16 0.239460 0.181452 0.013491 0.137097
14 0.262226 0.193548 0.028668 0.145161
9 0.288364 0.185484 0.023609 0.145161
14 0.314503 0.177419 0.018550 0.145161
16 0.330523 0.181452 0.016863 0.137097
5 0.354132 0.181452 0.026981 0.137097
9 0.381956 0.181452 0.028668 0.153226
4 0.413997 0.189516 0.025295 0.137097
9 0.438449 0.189516 0.023609 0.104839
16 0.457841 0.197581 0.015177 0.137097
6 0.483137 0.165323 0.035413 0.153226
1 0.526981 0.173387 0.032040 0.153226
9 0.553963 0.189516 0.015177 0.120968
16 0.623103 0.233871 0.011804 0.096774
2 0.645868 0.209677 0.030354 0.161290
9 0.672007 0.197581 0.025295 0.153226
16 0.969646 0.217742 0.020236 0.161290
1 0.942664 0.225806 0.030354 0.161290
10 0.910624 0.221774 0.030354 0.153226
16 0.886172 0.193548 0.015177 0.161290
4 0.862563 0.193548 0.025295 0.161290
8 0.840641 0.205645 0.011804 0.153226
0 0.818718 0.165323 0.035413 0.217742
14 0.699831 0.193548 0.030354 0.177419
14 0.729342 0.217742 0.021922 0.145161
9 0.758853 0.217742 0.023609 0.161290
14 0.784992 0.205645 0.018550 0.153226
7 0.050590 0.338710 0.023609 0.161290
16 0.073356 0.330645 0.011804 0.145161
14 0.092749 0.346774 0.023609 0.145161
15 0.126476 0.342742 0.037099 0.137097
4 0.161889 0.338710 0.030354 0.129032
13 0.193929 0.346774 0.037099 0.112903
3 0.224283 0.354839 0.030354 0.129032
10 0.253794 0.350806 0.025295 0.137097
3 0.281619 0.362903 0.020236 0.145161
6 0.337268 0.358871 0.037099 0.137097
7 0.306914 0.350806 0.020236 0.153226
9 0.368465 0.358871 0.025295 0.153226
4 0.395447 0.358871 0.025295 0.137097
9 0.419056 0.354839 0.021922 0.145161
14 0.443508 0.358871 0.026981 0.153226
14 0.467960 0.358871 0.021922 0.153226
9 0.494941 0.370968 0.025295 0.145161
4 0.531197 0.366935 0.026981 0.137097
16 0.551433 0.366935 0.010118 0.137097
9 0.603710 0.399194 0.023609 0.169355
8 0.625632 0.391129 0.010118 0.153226
7 0.645025 0.387097 0.018550 0.145161
13 0.671164 0.399194 0.037099 0.137097
16 0.971332 0.419355 0.016863 0.145161
8 0.953626 0.423387 0.011804 0.169355
2 0.935919 0.407258 0.023609 0.185484
4 0.912310 0.415323 0.026981 0.185484
5 0.859191 0.411290 0.028668 0.161290
9 0.887015 0.407258 0.020236 0.169355
16 0.839798 0.403226 0.016863 0.145161
8 0.824621 0.399194 0.010118 0.169355
4 0.801855 0.399194 0.028668 0.169355