5 0.061081 0.240385 0.042162 0.375000
5 0.102703 0.283654 0.041081 0.365385
1 0.136216 0.185096 0.047568 0.254808
7 0.181081 0.235577 0.037838 0.230769
11 0.200541 0.199519 0.031351 0.293269
9 0.234595 0.194712 0.036757 0.312500
4 0.275135 0.199519 0.048649 0.293269
16 0.312432 0.173077 0.023784 0.163462
1 0.348649 0.199519 0.044324 0.264423
4 0.391351 0.201923 0.038919 0.298077
5 0.430270 0.185096 0.036757 0.283654
4 0.474595 0.194712 0.047568 0.312500
7 0.517838 0.192308 0.025946 0.278846
7 0.562703 0.192308 0.035676 0.278846
11 0.607568 0.168269 0.045405 0.298077
9 0.652432 0.168269 0.046486 0.298077
4 0.697838 0.163462 0.061622 0.307692
8 0.745946 0.153846 0.019459 0.307692
16 0.767027 0.151442 0.027027 0.264423
11 0.790811 0.132212 0.046486 0.302885
3 0.840000 0.129808 0.036757 0.269231
7 0.868649 0.132212 0.027027 0.245192
8 0.928649 0.112981 0.023784 0.216346
8 0.891892 0.112981 0.023784 0.235577