4 0.022260 0.629121 0.058219 0.192308
11 0.063356 0.612637 0.065068 0.181319
5 0.131849 0.623626 0.041096 0.214286
5 0.182363 0.631868 0.056507 0.208791
14 0.230308 0.634615 0.046233 0.203297
8 0.275685 0.642857 0.034247 0.208791
16 0.299658 0.651099 0.020548 0.104396
5 0.340753 0.653846 0.047945 0.208791
5 0.397260 0.667582 0.037671 0.203297
11 0.451199 0.678571 0.053082 0.203297
0 0.525685 0.689560 0.065068 0.170330
8 0.585616 0.697802 0.023973 0.219780
13 0.637842 0.703297 0.046233 0.197802
10 0.706336 0.717033 0.039384 0.192308
1 0.764555 0.728022 0.053082 0.214286
8 0.823630 0.744505 0.030822 0.203297
8 0.868151 0.747253 0.027397 0.175824
0 0.918664 0.758242 0.049658 0.175824
8 0.935788 0.843407 0.046233 0.115385
9 0.026541 0.862637 0.049658 0.197802
10 0.063356 0.835165 0.037671 0.208791
1 0.108733 0.837912 0.049658 0.192308
4 0.155822 0.846154 0.051370 0.208791
16 0.189212 0.865385 0.011986 0.115385
9 0.208904 0.857143 0.030822 0.186813
1 0.255137 0.862637 0.047945 0.219780
10 0.297945 0.879121 0.023973 0.186813
11 0.333048 0.873626 0.039384 0.208791
4 0.378425 0.892857 0.051370 0.236264
16 0.414384 0.895604 0.020548 0.109890
8 0.434075 0.879121 0.011986 0.164835
5 0.464897 0.887363 0.035959 0.192308
4 0.505993 0.903846 0.046233 0.203297
8 0.538527 0.898352 0.015411 0.192308
5 0.566781 0.906593 0.034247 0.186813
1 0.602740 0.909341 0.037671 0.192308
13 0.640411 0.914835 0.034247 0.181319
1 0.678938 0.906593 0.032534 0.175824
9 0.714041 0.912088 0.023973 0.175824
12 0.754281 0.931319 0.042808 0.159341
2 0.797945 0.920330 0.027397 0.148352
2 0.820205 0.934066 0.017123 0.131868
3 0.843322 0.931319 0.025685 0.148352
6 0.871575 0.925824 0.027397 0.137363