8 0.263118 0.704453 0.016492 0.072874
16 0.275862 0.696356 0.011994 0.048583
8 0.289355 0.688259 0.011994 0.056680
10 0.308846 0.692308 0.020990 0.064777
10 0.329085 0.694332 0.010495 0.060729
16 0.340330 0.696356 0.008996 0.056680
10 0.355322 0.694332 0.020990 0.068826
9 0.374813 0.694332 0.014993 0.068826
11 0.395052 0.692308 0.019490 0.072874
8 0.410795 0.694332 0.008996 0.085020
10 0.437031 0.696356 0.019490 0.089069
16 0.418291 0.698381 0.005997 0.060729
11 0.456522 0.698381 0.013493 0.076923
8 0.472264 0.700405 0.011994 0.072874
2 0.491004 0.694332 0.016492 0.076923
8 0.507496 0.706478 0.016492 0.060729
10 0.523988 0.694332 0.019490 0.068826
8 0.551724 0.690283 0.008996 0.076923
16 0.544228 0.692308 0.005997 0.040486
8 0.538231 0.694332 0.005997 0.068826
0 0.567466 0.694332 0.019490 0.085020
14 0.583208 0.692308 0.014993 0.080972
8 0.595202 0.690283 0.008996 0.076923
15 0.602699 0.692308 0.017991 0.089069
16 0.614693 0.700405 0.008996 0.072874
2 0.625937 0.700405 0.016492 0.089069
1 0.639430 0.700405 0.016492 0.080972
8 0.652174 0.704453 0.008996 0.080972
5 0.671664 0.714575 0.014993 0.068826
1 0.684408 0.718623 0.013493 0.076923
8 0.697901 0.724696 0.010495 0.072874
16 0.709145 0.728745 0.008996 0.056680
1 0.720390 0.734818 0.013493 0.068826
8 0.745127 0.748988 0.005997 0.064777
8 0.733133 0.740891 0.005997 0.064777
8 0.770615 0.763158 0.005997 0.068826
8 0.781859 0.767206 0.010495 0.060729
2 0.794603 0.773279 0.017991 0.072874
8 0.803598 0.777328 0.005997 0.072874
8 0.809595 0.787449 0.008996 0.060729
0 0.823838 0.793522 0.022489 0.072874
9 0.844828 0.813765 0.010495 0.064777
1 0.868066 0.825911 0.011994 0.064777
2 0.857571 0.819838 0.008996 0.060729