1 0.115689 0.826754 0.072900 0.276316
8 0.167195 0.802632 0.033281 0.263158
0 0.225040 0.750000 0.095087 0.324561
8 0.314580 0.717105 0.042789 0.320175
7 0.363708 0.712719 0.058637 0.320175
2 0.456418 0.671053 0.063391 0.333333
8 0.503962 0.640351 0.041204 0.368421
16 0.412044 0.686404 0.034865 0.364035
14 0.538035 0.609649 0.042789 0.342105
14 0.602219 0.576754 0.053883 0.364035
14 0.656894 0.550439 0.049128 0.364035
0 0.732964 0.491228 0.087163 0.359649
9 0.802694 0.449561 0.049128 0.407895
2 0.857369 0.410088 0.057052 0.407895
5 0.925515 0.377193 0.060222 0.385965