2 0.256250 0.554839 0.059375 0.374194
1 0.312500 0.616129 0.062500 0.329032
4 0.363281 0.664516 0.067187 0.322581
4 0.427344 0.716129 0.057813 0.296774
11 0.490625 0.709677 0.059375 0.283871
8 0.531250 0.719355 0.025000 0.277419
7 0.567969 0.735484 0.048438 0.309677
16 0.599219 0.729032 0.026562 0.283871
5 0.635938 0.735484 0.053125 0.309677
9 0.686719 0.777419 0.064062 0.303226
4 0.748437 0.816129 0.068750 0.290323
2 0.803125 0.858065 0.050000 0.245161
8 0.839063 0.870968 0.021875 0.283871
16 0.864844 0.845161 0.023438 0.232258
16 0.891406 0.861290 0.035937 0.264516
16 0.958594 0.861290 0.060937 0.277419