7 0.022212 0.514286 0.035358 0.476190
1 0.051224 0.314286 0.033545 0.533333
5 0.083862 0.323810 0.022665 0.476190
16 0.100635 0.380952 0.014506 0.285714
10 0.124207 0.309524 0.029012 0.447619
8 0.147779 0.295238 0.007253 0.457143
4 0.175431 0.285714 0.029918 0.495238
8 0.208522 0.257143 0.012693 0.476190
2 0.235267 0.257143 0.024479 0.495238
4 0.275159 0.252381 0.037171 0.485714
16 0.302811 0.295238 0.019946 0.285714
13 0.328196 0.247619 0.038078 0.476190
13 0.399819 0.257143 0.043518 0.495238
16 0.428830 0.261905 0.016319 0.390476
1 0.458749 0.247619 0.045331 0.552381
1 0.492747 0.247619 0.024479 0.514286
14 0.528558 0.247619 0.025385 0.571429
4 0.561650 0.242857 0.042611 0.523810
16 0.596102 0.238095 0.022665 0.361905
14 0.635539 0.247619 0.039891 0.457143
8 0.674071 0.238095 0.022665 0.495238
7 0.709429 0.228571 0.028105 0.495238
16 0.733454 0.271429 0.023572 0.428571
0 0.774252 0.242857 0.048957 0.485714
9 0.825929 0.238095 0.045331 0.533333
2 0.868994 0.271429 0.040798 0.504762
1 0.922031 0.285714 0.050771 0.571429