9 0.052801 0.233871 0.039486 0.338710
9 0.081267 0.233871 0.011938 0.263441
14 0.101928 0.215054 0.025712 0.301075
8 0.120753 0.220430 0.015611 0.311828
11 0.152433 0.193548 0.031221 0.290323
16 0.174013 0.241935 0.011938 0.204301
5 0.194215 0.223118 0.028466 0.317204
8 0.215794 0.193548 0.016529 0.322581
4 0.245638 0.206989 0.037649 0.317204
1 0.283747 0.198925 0.034894 0.301075
7 0.316804 0.193548 0.025712 0.344086
16 0.333792 0.188172 0.015611 0.215054
5 0.362259 0.185484 0.037649 0.295699
1 0.398531 0.190860 0.044077 0.317204
4 0.432966 0.190860 0.026630 0.317204
16 0.493113 0.180108 0.025712 0.220430
16 0.522957 0.161290 0.028466 0.279570
10 0.557392 0.172043 0.027548 0.301075
10 0.586777 0.161290 0.027548 0.301075
16 0.608356 0.174731 0.011938 0.188172
1 0.632231 0.166667 0.033976 0.279570
1 0.674013 0.161290 0.033058 0.268817
1 0.700184 0.150538 0.019284 0.279570
15 0.728650 0.161290 0.039486 0.290323
15 0.757117 0.201613 0.015611 0.220430
2 0.778696 0.150538 0.023875 0.290323
1 0.819100 0.161290 0.033058 0.290323
4 0.856290 0.155914 0.035813 0.290323
4 0.896694 0.161290 0.035813 0.301075
16 0.920110 0.155914 0.014692 0.225806
12 0.950872 0.177419 0.041322 0.333333
12 0.977502 0.387097 0.057851 0.247312