8 0.060178 0.603715 0.013373 0.130031
7 0.095097 0.589783 0.035661 0.102167
16 0.147103 0.594427 0.032689 0.074303
12 0.191679 0.586687 0.032689 0.095975
4 0.244428 0.591331 0.046062 0.111455
1 0.286776 0.594427 0.035661 0.099071
2 0.330609 0.585139 0.031204 0.092879
1 0.381872 0.578947 0.035661 0.105263
4 0.438336 0.574303 0.032689 0.108359
16 0.485141 0.574303 0.022288 0.040248
16 0.514116 0.566563 0.017831 0.099071
7 0.564636 0.558824 0.020802 0.114551
1 0.635215 0.563467 0.040119 0.117647
11 0.687221 0.555728 0.043091 0.102167
9 0.729569 0.554180 0.032689 0.105263
15 0.780089 0.555728 0.056464 0.114551
16 0.821694 0.571207 0.029718 0.071207
1 0.869242 0.551084 0.044577 0.111455
4 0.918276 0.544892 0.044577 0.105263
4 0.968053 0.551084 0.037147 0.117647