7 0.019084 0.117117 0.038168 0.252252
5 0.048664 0.103604 0.028626 0.243243
8 0.069656 0.126126 0.020992 0.234234
8 0.088740 0.121622 0.009542 0.243243
8 0.106870 0.126126 0.015267 0.234234
16 0.141221 0.103604 0.019084 0.207207
10 0.170802 0.130631 0.036260 0.261261
8 0.198473 0.135135 0.015267 0.270270
7 0.218511 0.126126 0.024809 0.270270
16 0.239504 0.121622 0.017176 0.243243
9 0.262405 0.139640 0.028626 0.279279
4 0.298664 0.153153 0.040076 0.306306
5 0.331107 0.153153 0.032443 0.306306
16 0.354962 0.157658 0.022901 0.297297
5 0.379771 0.153153 0.034351 0.306306
1 0.409351 0.166667 0.028626 0.297297
8 0.467557 0.175676 0.011450 0.333333
14 0.440840 0.166667 0.030534 0.333333
2 0.491412 0.166667 0.024809 0.369369
2 0.520038 0.166667 0.036260 0.369369
16 0.541031 0.166667 0.013359 0.261261
8 0.560115 0.193694 0.024809 0.315315
8 0.590649 0.184685 0.040076 0.351351
11 0.622137 0.216216 0.022901 0.324324
8 0.649809 0.238739 0.017176 0.279279
15 0.671756 0.225225 0.030534 0.306306
15 0.686069 0.198198 0.013359 0.180180
6 0.707061 0.220721 0.028626 0.315315
1 0.740458 0.216216 0.030534 0.324324
14 0.770038 0.220721 0.024809 0.333333
13 0.804389 0.216216 0.043893 0.360360
1 0.843511 0.211712 0.034351 0.369369
8 0.863550 0.216216 0.017176 0.378378
2 0.887405 0.211712 0.019084 0.315315
12 0.917939 0.216216 0.026718 0.252252
1 0.943702 0.310811 0.028626 0.279279
8 0.966603 0.283784 0.024809 0.225225
11 0.971374 0.490991 0.053435 0.153153
7 0.974237 0.617117 0.051527 0.081081
7 0.972328 0.675676 0.040076 0.054054