7 0.073374 0.324675 0.034796 0.493506
1 0.105900 0.350649 0.030257 0.519481
8 0.130862 0.344156 0.013616 0.428571
16 0.171710 0.376623 0.013616 0.415584
0 0.197428 0.363636 0.031770 0.545455
9 0.217852 0.383117 0.021180 0.506494
2 0.246596 0.402597 0.024206 0.519481
2 0.152042 0.324675 0.019667 0.571429
1 0.269289 0.415584 0.027231 0.493506
4 0.298033 0.448052 0.024206 0.506494
16 0.318457 0.428571 0.010590 0.311688
10 0.339637 0.448052 0.031770 0.506494
8 0.363843 0.474026 0.010590 0.558442
7 0.381241 0.441558 0.018154 0.545455
16 0.394856 0.480519 0.015129 0.389610
9 0.411498 0.480519 0.021180 0.545455
1 0.440242 0.493506 0.039334 0.519481
5 0.468986 0.487013 0.021180 0.558442
16 0.487141 0.506494 0.015129 0.467532
5 0.506051 0.532468 0.022693 0.519481
1 0.530257 0.545455 0.022693 0.493506
4 0.555976 0.584416 0.025719 0.493506
8 0.576399 0.584416 0.012103 0.467532
2 0.595310 0.584416 0.022693 0.467532
4 0.618003 0.597403 0.025719 0.441558
16 0.635401 0.571429 0.009077 0.363636
8 0.646747 0.629870 0.010590 0.428571
0 0.669440 0.629870 0.031770 0.428571
11 0.698185 0.649351 0.019667 0.441558
8 0.721634 0.668831 0.012103 0.428571
15 0.739788 0.668831 0.021180 0.454545
16 0.750378 0.610390 0.015129 0.259740
6 0.767776 0.642857 0.025719 0.454545
1 0.790469 0.662338 0.022693 0.493506
1 0.814675 0.662338 0.022693 0.467532
13 0.843419 0.649351 0.031770 0.519481
1 0.872163 0.655844 0.028744 0.506494
8 0.890318 0.655844 0.013616 0.480519
2 0.906203 0.629870 0.021180 0.480519
16 0.923601 0.525974 0.013616 0.220779
12 0.932678 0.642857 0.019667 0.428571
12 0.953101 0.720779 0.024206 0.298701
8 0.972769 0.805195 0.024206 0.311688