9 0.021127 0.521277 0.024648 0.659574
1 0.051056 0.521277 0.031690 0.659574
5 0.078345 0.521277 0.026408 0.702128
16 0.094190 0.553191 0.012324 0.468085
10 0.117077 0.521277 0.029930 0.744681
8 0.142606 0.542553 0.014085 0.744681
5 0.166373 0.542553 0.026408 0.744681
1 0.199824 0.521277 0.036972 0.787234
8 0.228873 0.542553 0.010563 0.744681
2 0.251761 0.563830 0.028169 0.829787
4 0.281690 0.574468 0.028169 0.808511
16 0.301056 0.627660 0.014085 0.574468
14 0.327465 0.606383 0.031690 0.829787
14 0.347711 0.585106 0.015845 0.787234
11 0.372359 0.563830 0.029930 0.787234
1 0.406690 0.553191 0.024648 0.723404
16 0.426937 0.659574 0.012324 0.510638
5 0.453345 0.606383 0.033451 0.659574
9 0.481514 0.627660 0.022887 0.744681
4 0.511444 0.627660 0.029930 0.829787
1 0.547535 0.648936 0.035211 0.702128
9 0.578345 0.648936 0.022887 0.702128
16 0.602993 0.659574 0.015845 0.638298
5 0.627641 0.680851 0.029930 0.680851
1 0.654049 0.670213 0.026408 0.659574
13 0.683099 0.659574 0.031690 0.680851
12 0.711268 0.702128 0.028169 0.638298
14 0.738556 0.659574 0.022887 0.680851
16 0.759683 0.787234 0.015845 0.553191
2 0.781690 0.734043 0.024648 0.659574
8 0.803697 0.702128 0.015845 0.638298
9 0.868838 0.712766 0.029930 0.659574
8 0.823944 0.680851 0.010563 0.595745
1 0.842430 0.829787 0.015845 0.382979