1 0.133158 0.680000 0.030526 0.720000
10 0.162105 0.590000 0.029474 0.740000
11 0.186316 0.560000 0.023158 0.760000
1 0.210526 0.560000 0.025263 0.800000
14 0.232632 0.510000 0.018947 0.780000
7 0.253158 0.520000 0.017895 0.800000
7 0.276316 0.470000 0.022105 0.860000
0 0.300526 0.400000 0.020000 0.800000
2 0.326316 0.370000 0.018947 0.740000
8 0.339474 0.340000 0.009474 0.680000
16 0.355263 0.340000 0.013684 0.600000
4 0.375789 0.310000 0.021053 0.700000
8 0.392105 0.310000 0.007368 0.620000
10 0.408421 0.330000 0.018947 0.620000
2 0.429474 0.310000 0.016842 0.620000
16 0.459474 0.330000 0.011579 0.620000
8 0.444737 0.290000 0.009474 0.580000
8 0.494737 0.300000 0.016842 0.600000
10 0.476316 0.250000 0.020000 0.620000
8 0.514211 0.250000 0.011579 0.540000
16 0.544211 0.260000 0.010526 0.520000
2 0.563684 0.290000 0.017895 0.540000
2 0.586316 0.230000 0.016842 0.500000
7 0.603684 0.260000 0.015789 0.560000
8 0.770000 0.300000 0.013684 0.560000
8 0.749474 0.300000 0.014737 0.520000
8 0.687895 0.290000 0.013684 0.540000
8 0.652105 0.260000 0.015789 0.520000
10 0.626842 0.190000 0.024211 0.700000
16 0.668421 0.290000 0.012632 0.260000
16 0.708947 0.300000 0.030526 0.680000