16 0.082133 0.814732 0.025937 0.191964
16 0.115274 0.774554 0.037464 0.183036
11 0.147695 0.772321 0.027378 0.178571
1 0.180836 0.756696 0.033141 0.191964
14 0.214697 0.754464 0.028818 0.178571
7 0.242075 0.756696 0.028818 0.183036
1 0.271614 0.750000 0.033141 0.205357
3 0.306196 0.734375 0.030259 0.191964
2 0.337896 0.734375 0.024496 0.183036
8 0.360231 0.727679 0.014409 0.178571
16 0.380403 0.720982 0.011527 0.165179
4 0.408501 0.723214 0.027378 0.169643
8 0.430115 0.714286 0.015850 0.160714
10 0.453890 0.696429 0.025937 0.178571
2 0.480548 0.683036 0.021614 0.160714
8 0.498559 0.683036 0.014409 0.160714
8 0.517291 0.696429 0.017291 0.116071
10 0.544669 0.680804 0.031700 0.191964
11 0.571326 0.678571 0.033141 0.196429
8 0.596542 0.674107 0.017291 0.178571
7 0.615994 0.671875 0.018732 0.174107
16 0.638329 0.678571 0.011527 0.125000
2 0.665706 0.671875 0.025937 0.183036
3 0.691643 0.660714 0.025937 0.187500
7 0.717579 0.647321 0.025937 0.196429
10 0.750000 0.656250 0.033141 0.187500
8 0.788184 0.651786 0.017291 0.196429
16 0.807637 0.662946 0.015850 0.138393
8 0.829971 0.642857 0.011527 0.196429
0 0.872478 0.633929 0.044669 0.214286
11 0.916427 0.640625 0.031700 0.209821
8 0.950288 0.651786 0.021614 0.187500
15 0.982709 0.660714 0.031700 0.223214