10 0.036501 0.744898 0.038239 0.510204
0 0.123407 0.734694 0.033604 0.489796
10 0.079954 0.765306 0.025492 0.408163
16 0.097335 0.785714 0.013905 0.326531
1 0.161066 0.714286 0.027810 0.530612
2 0.191194 0.714286 0.018540 0.469388
1 0.216686 0.719388 0.027810 0.500000
1 0.250290 0.750000 0.032445 0.418367
16 0.272306 0.734694 0.016222 0.326531
10 0.297798 0.683673 0.027810 0.408163
8 0.318656 0.663265 0.009270 0.367347
7 0.339513 0.673469 0.020857 0.428571
13 0.367903 0.683673 0.024334 0.326531
8 0.392816 0.709184 0.018540 0.500000
1 0.420626 0.719388 0.027810 0.500000
9 0.450753 0.688776 0.023175 0.418367
16 0.473928 0.653061 0.016222 0.387755
5 0.498841 0.647959 0.026651 0.397959
1 0.529548 0.642857 0.025492 0.571429
2 0.555620 0.637755 0.024334 0.459184
9 0.581692 0.658163 0.023175 0.581633
7 0.610660 0.617347 0.030127 0.459184
16 0.630939 0.591837 0.010429 0.408163
2 0.656431 0.591837 0.028969 0.469388
8 0.683082 0.576531 0.012746 0.438776
5 0.713210 0.556122 0.022016 0.418367
7 0.739861 0.535714 0.026651 0.418367
16 0.769409 0.535714 0.023175 0.336735