4 0.155136 0.334459 0.058700 0.412162
2 0.209644 0.347973 0.050314 0.317568
8 0.248428 0.331081 0.027254 0.337838
16 0.267296 0.334459 0.014675 0.209459
9 0.289308 0.344595 0.025157 0.310811
12 0.322851 0.347973 0.046122 0.331081
10 0.374214 0.337838 0.060797 0.351351
8 0.418239 0.344595 0.023061 0.351351
14 0.445493 0.337838 0.031447 0.351351
3 0.482180 0.344595 0.029350 0.364865
7 0.508386 0.341216 0.027254 0.371622
16 0.534591 0.337838 0.016771 0.270270
9 0.563941 0.344595 0.033543 0.364865
4 0.606918 0.331081 0.052411 0.378378
5 0.653040 0.341216 0.039832 0.385135
8 0.684486 0.324324 0.018868 0.378378
16 0.707547 0.334459 0.014675 0.344595
8 0.774633 0.337838 0.018868 0.378378
10 0.801887 0.341216 0.039832 0.398649
5 0.845912 0.331081 0.044025 0.364865
1 0.887841 0.310811 0.044025 0.351351
12 0.933962 0.317568 0.044025 0.378378
16 0.981132 0.327703 0.046122 0.317568