8 0.172043 0.364407 0.021505 0.254237
5 0.197133 0.358757 0.021505 0.299435
4 0.221625 0.350282 0.020311 0.372881
8 0.235364 0.347458 0.009558 0.333333
10 0.253883 0.347458 0.025090 0.310734
14 0.272999 0.341808 0.013142 0.333333
16 0.286141 0.330508 0.017921 0.209040
13 0.299283 0.327684 0.022700 0.305085
9 0.317802 0.324859 0.011947 0.344633
4 0.338710 0.322034 0.017921 0.327684
8 0.357826 0.319209 0.010753 0.310734
3 0.370370 0.313559 0.019116 0.299435
16 0.384707 0.279661 0.007168 0.209040
10 0.401434 0.310734 0.023895 0.305085
1 0.426523 0.313559 0.021505 0.299435
7 0.446834 0.313559 0.019116 0.322034
16 0.461768 0.299435 0.010753 0.293785
6 0.483871 0.290960 0.028674 0.310734
8 0.501792 0.296610 0.009558 0.299435
9 0.513142 0.285311 0.015532 0.288136
12 0.534648 0.288136 0.025090 0.316384
8 0.551971 0.288136 0.009558 0.327684
16 0.559737 0.276836 0.013142 0.271186
2 0.578256 0.274011 0.023895 0.310734
8 0.593787 0.279661 0.009558 0.322034
13 0.622461 0.257062 0.038232 0.310734
16 0.631422 0.310734 0.015532 0.146893
9 0.649343 0.268362 0.017921 0.276836
4 0.678614 0.254237 0.028674 0.293785
16 0.702509 0.248588 0.011947 0.282486
5 0.722820 0.237288 0.026284 0.293785
8 0.744325 0.240113 0.009558 0.276836
4 0.765830 0.234463 0.031063 0.276836
5 0.797491 0.223164 0.025090 0.276836
1 0.826165 0.223164 0.027479 0.276836
16 0.848268 0.217514 0.014337 0.265537
2 0.868578 0.220339 0.023895 0.293785