10 0.141333 0.776000 0.106667 0.400000
11 0.190000 0.600000 0.054667 0.544000
7 0.245333 0.572000 0.042667 0.584000
16 0.276667 0.556000 0.036000 0.456000
6 0.318667 0.560000 0.048000 0.624000
8 0.363333 0.584000 0.025333 0.608000
7 0.400000 0.572000 0.032000 0.584000
16 0.429333 0.540000 0.024000 0.440000
10 0.459333 0.576000 0.038667 0.544000
5 0.488667 0.568000 0.030667 0.512000
12 0.599333 0.648000 0.036000 0.544000
4 0.552667 0.636000 0.033333 0.520000
9 0.520667 0.604000 0.030667 0.616000
9 0.628667 0.628000 0.028000 0.536000
9 0.652667 0.636000 0.022667 0.344000
0 0.685333 0.628000 0.045333 0.552000
9 0.728000 0.628000 0.048000 0.520000
1 0.766667 0.620000 0.056000 0.552000
2 0.806000 0.656000 0.036000 0.512000
1 0.851333 0.660000 0.052000 0.616000
4 0.901333 0.672000 0.061333 0.624000