9 0.067371 0.668508 0.024035 0.139963
16 0.040422 0.660221 0.015295 0.090239
1 0.108886 0.654696 0.044428 0.145488
5 0.157684 0.671271 0.048798 0.134438
4 0.239257 0.663904 0.044428 0.174954
7 0.282593 0.682320 0.029133 0.145488
5 0.328114 0.691529 0.048798 0.174954
7 0.373634 0.696133 0.042243 0.162063
1 0.418063 0.704420 0.046613 0.156538
9 0.464676 0.701657 0.037873 0.173112
11 0.536781 0.700737 0.032047 0.171271
14 0.498908 0.694291 0.024763 0.158379
10 0.580117 0.708103 0.032775 0.171271
1 0.624909 0.709945 0.033503 0.152855
7 0.656956 0.716390 0.026220 0.143646
16 0.680991 0.715470 0.016023 0.119705
10 0.706482 0.723757 0.030590 0.147330
8 0.743627 0.714549 0.023307 0.139963
7 0.766570 0.712707 0.022578 0.143646
16 0.792061 0.721915 0.016752 0.110497
8 0.817917 0.701657 0.017480 0.139963
8 0.842680 0.702578 0.017480 0.123389