10 0.953966 0.795276 0.035411 0.456693
9 0.898017 0.708661 0.039660 0.409449
16 0.183428 0.543307 0.046742 0.440945
10 0.232295 0.500000 0.048159 0.527559
1 0.282578 0.472441 0.038244 0.393701
8 0.312323 0.468504 0.024079 0.480315
7 0.353399 0.448819 0.038244 0.456693
8 0.389518 0.464567 0.022663 0.440945
16 0.411473 0.472441 0.024079 0.330709
10 0.449008 0.421260 0.045326 0.464567
9 0.483711 0.417323 0.035411 0.488189
11 0.527620 0.421260 0.041076 0.448819
8 0.572238 0.405512 0.022663 0.448819
16 0.598442 0.429134 0.038244 0.338583
10 0.650850 0.433071 0.043909 0.519685
11 0.696884 0.448819 0.050992 0.472441
8 0.734419 0.464567 0.029745 0.535433
7 0.779037 0.515748 0.050992 0.480315
16 0.818697 0.496063 0.031161 0.377953
2 0.854108 0.559055 0.048159 0.503937