5 0.326004 0.714286 0.036329 0.319328
1 0.359465 0.718487 0.026769 0.310924
4 0.392925 0.710084 0.032505 0.344538
13 0.432122 0.684874 0.042065 0.327731
10 0.474187 0.714286 0.042065 0.302521
11 0.502868 0.701681 0.030593 0.294118
1 0.534417 0.743697 0.028681 0.294118
5 0.558317 0.722689 0.022945 0.319328
9 0.577438 0.718487 0.015296 0.277311
16 0.587954 0.714286 0.013384 0.268908
5 0.605163 0.710084 0.024857 0.294118
8 0.625239 0.735294 0.011472 0.277311
5 0.645315 0.731092 0.024857 0.302521
1 0.673040 0.705882 0.026769 0.302521
16 0.690249 0.718487 0.011472 0.260504
8 0.708413 0.739496 0.013384 0.336134
8 0.730402 0.735294 0.019120 0.294118
10 0.756214 0.735294 0.028681 0.277311
8 0.827916 0.773109 0.022945 0.470588
8 0.791587 0.743697 0.038241 0.277311