13 0.737154 0.493506 0.047431 0.545455
8 0.707510 0.480519 0.015810 0.545455
10 0.070158 0.344156 0.037549 0.688312
8 0.106719 0.350649 0.031621 0.597403
4 0.142292 0.324675 0.039526 0.649351
16 0.170949 0.344156 0.013834 0.480519
3 0.196640 0.402597 0.029644 0.571429
12 0.224308 0.396104 0.029644 0.740260
8 0.250000 0.337662 0.013834 0.519481
9 0.273715 0.331169 0.021739 0.558442
4 0.310277 0.389610 0.035573 0.623377
8 0.339921 0.376623 0.015810 0.571429
10 0.382411 0.558442 0.021739 0.311688
2 0.459486 0.422078 0.025692 0.610390
8 0.479249 0.454545 0.009881 0.519481
7 0.498024 0.461039 0.019763 0.480519
16 0.510870 0.415584 0.009881 0.363636
4 0.532609 0.448052 0.029644 0.532468
1 0.565217 0.435065 0.027668 0.454545
8 0.586957 0.441558 0.011858 0.467532
1 0.621542 0.448052 0.033597 0.480519
13 0.653162 0.461039 0.033597 0.532468
2 0.681818 0.512987 0.027668 0.506494