10 0.277563 0.331395 0.040619 0.453488
9 0.313346 0.308140 0.023211 0.430233
3 0.342360 0.319767 0.034816 0.500000
1 0.379110 0.319767 0.034816 0.523256
16 0.407157 0.313953 0.013540 0.348837
11 0.429400 0.267442 0.027079 0.488372
4 0.458414 0.261628 0.034816 0.546512
8 0.483559 0.290698 0.011605 0.465116
5 0.503868 0.290698 0.025145 0.441860
5 0.531915 0.319767 0.027079 0.476744
15 0.555126 0.325581 0.034816 0.441860
16 0.575435 0.296512 0.013540 0.290698
8 0.590909 0.354651 0.017408 0.406977
0 0.623791 0.343023 0.040619 0.500000
11 0.651838 0.348837 0.030948 0.511628
8 0.676015 0.331395 0.017408 0.383721
8 0.693424 0.354651 0.013540 0.383721
16 0.707930 0.354651 0.011605 0.290698
10 0.731141 0.383721 0.030948 0.441860
8 0.757253 0.331395 0.017408 0.430233
7 0.774662 0.377907 0.021277 0.453488
16 0.786267 0.325581 0.017408 0.232558
16 0.808511 0.360465 0.030948 0.418605
4 0.832689 0.360465 0.025145 0.441860
1 0.863636 0.366279 0.029014 0.453488
2 0.894584 0.354651 0.025145 0.453488
14 0.925532 0.360465 0.025145 0.441860