16 0.274390 0.534483 0.032520 0.586207
9 0.315041 0.543103 0.036585 0.637931
10 0.353659 0.474138 0.040650 0.706897
5 0.394309 0.448276 0.028455 0.620690
8 0.416667 0.525862 0.020325 0.637931
14 0.441057 0.474138 0.024390 0.706897
16 0.456301 0.577586 0.014228 0.396552
10 0.486789 0.508621 0.038618 0.637931
9 0.520325 0.508621 0.028455 0.672414
11 0.553862 0.508621 0.038618 0.672414
8 0.582317 0.508621 0.014228 0.603448
16 0.601626 0.543103 0.016260 0.465517
10 0.629065 0.517241 0.030488 0.551724
11 0.659553 0.534483 0.026423 0.620690
2 0.742886 0.612069 0.030488 0.672414
2 0.718496 0.577586 0.014228 0.568966
7 0.701220 0.560345 0.024390 0.672414
8 0.681911 0.586207 0.010163 0.689655
9 0.771341 0.568966 0.034553 0.758621
7 0.797764 0.525862 0.030488 0.672414
10 0.828252 0.577586 0.030488 0.637931
11 0.943089 0.629310 0.032520 0.637931
8 0.886179 0.551724 0.016260 0.586207
8 0.852642 0.568966 0.014228 0.551724