16 0.061466 0.441667 0.023641 0.550000
11 0.088652 0.375000 0.030733 0.616667
1 0.127660 0.341667 0.033097 0.616667
5 0.159574 0.333333 0.026005 0.566667
9 0.197400 0.300000 0.049645 0.600000
5 0.242317 0.350000 0.030733 0.633333
1 0.276596 0.308333 0.037825 0.583333
4 0.309693 0.316667 0.033097 0.566667
13 0.343972 0.358333 0.030733 0.583333
8 0.371158 0.283333 0.018913 0.466667
10 0.423168 0.383333 0.037825 0.600000
1 0.458629 0.391667 0.028369 0.550000
7 0.492908 0.375000 0.035461 0.550000
16 0.517730 0.325000 0.023641 0.383333
10 0.550827 0.416667 0.037825 0.633333
9 0.585106 0.408333 0.035461 0.616667
15 0.612293 0.425000 0.037825 0.616667
16 0.634752 0.366667 0.016548 0.333333
6 0.654846 0.416667 0.018913 0.600000
1 0.685579 0.425000 0.033097 0.616667
14 0.722222 0.425000 0.030733 0.550000
9 0.756501 0.425000 0.033097 0.616667
7 0.790780 0.416667 0.030733 0.566667