11 0.320866 0.254545 0.035433 0.309091
4 0.363189 0.254545 0.033465 0.272727
1 0.396654 0.263636 0.029528 0.309091
11 0.425197 0.268182 0.023622 0.336364
8 0.446850 0.250000 0.019685 0.336364
7 0.468504 0.250000 0.015748 0.245455
16 0.482283 0.304545 0.011811 0.227273
10 0.501969 0.263636 0.023622 0.290909
9 0.525591 0.236364 0.023622 0.290909
15 0.547244 0.254545 0.027559 0.309091
15 0.565945 0.227273 0.017717 0.200000
5 0.594488 0.250000 0.035433 0.354545
14 0.629921 0.272727 0.031496 0.381818
1 0.660433 0.286364 0.029528 0.318182
1 0.918307 0.277273 0.029528 0.318182
12 0.898622 0.259091 0.029528 0.300000
1 0.868110 0.263636 0.027559 0.309091
9 0.692913 0.286364 0.039370 0.372727
8 0.716535 0.318182 0.015748 0.418182
5 0.743110 0.318182 0.029528 0.381818
8 0.766732 0.331818 0.013780 0.354545
9 0.796260 0.336364 0.037402 0.381818
11 0.836614 0.309091 0.031496 0.363636
15 0.449803 0.659091 0.045276 0.336364
8 0.477362 0.636364 0.013780 0.309091
8 0.500984 0.645455 0.017717 0.381818
9 0.550197 0.672727 0.025591 0.381818
10 0.593504 0.690909 0.045276 0.363636