16 0.316020 0.545045 0.023780 0.621622
3 0.343554 0.554054 0.033792 0.639640
10 0.388611 0.536036 0.038798 0.657658
12 0.432416 0.540541 0.041302 0.666667
8 0.466208 0.518018 0.026283 0.675676
1 0.501252 0.504505 0.043805 0.684685
4 0.540676 0.509009 0.040050 0.657658
7 0.578223 0.531532 0.032541 0.720721
16 0.607009 0.576577 0.025031 0.558559
6 0.631414 0.522523 0.028786 0.720721
8 0.670213 0.518018 0.033792 0.747748
13 0.718398 0.495495 0.062578 0.828829
16 0.753442 0.540541 0.027534 0.468468
2 0.783479 0.495495 0.032541 0.738739
9 0.810388 0.513514 0.023780 0.720721
5 0.841677 0.495495 0.031289 0.720721
8 0.864831 0.490991 0.015019 0.621622
16 0.880476 0.454955 0.018773 0.513514
11 0.904255 0.441441 0.033792 0.486486
1 0.942428 0.337838 0.057572 0.495495