16 0.010907 0.304054 0.021814 0.405405
2 0.034443 0.337838 0.029851 0.391892
9 0.064294 0.375000 0.029851 0.371622
10 0.090700 0.418919 0.025258 0.378378
8 0.114237 0.408784 0.028703 0.412162
16 0.136051 0.452703 0.021814 0.324324
8 0.151550 0.469595 0.022962 0.412162
0 0.176808 0.486486 0.036739 0.391892
11 0.209529 0.557432 0.024110 0.452703
8 0.238232 0.564189 0.019518 0.358108
15 0.256602 0.601351 0.026406 0.459459
15 0.272675 0.625000 0.014925 0.222973
11 0.296785 0.611486 0.030999 0.385135
1 0.333525 0.655405 0.040184 0.378378
13 0.368542 0.618243 0.029851 0.425676
9 0.398967 0.638514 0.028703 0.412162
16 0.416762 0.652027 0.013777 0.358108
12 0.438002 0.611486 0.026406 0.466216
4 0.475316 0.604730 0.041332 0.493243
1 0.514351 0.597973 0.032147 0.493243
2 0.546498 0.554054 0.029851 0.540541
1 0.583812 0.554054 0.037887 0.567568
4 0.618255 0.557432 0.024110 0.574324
10 0.653846 0.560811 0.026406 0.513514
8 0.677382 0.577703 0.011481 0.547297
7 0.699196 0.564189 0.022962 0.533784
16 0.716418 0.604730 0.011481 0.412162