8 0.070783 0.500000 0.051205 0.248555
10 0.158133 0.504335 0.051205 0.268786
11 0.219880 0.501445 0.054217 0.280347
8 0.259789 0.508671 0.037651 0.260116
15 0.326054 0.504335 0.085843 0.257225
16 0.354669 0.481214 0.052711 0.187861
8 0.391566 0.514451 0.042169 0.260116
8 0.456325 0.505780 0.078313 0.294798
1 0.524849 0.494220 0.064759 0.323699
8 0.567018 0.505780 0.019578 0.294798
2 0.600151 0.491329 0.046687 0.294798
8 0.642319 0.508671 0.028614 0.294798
1 0.687500 0.521676 0.052711 0.205202
1 0.765060 0.573699 0.057229 0.118497