10 0.052632 0.104061 0.055402 0.197970
9 0.124654 0.114213 0.077562 0.197970
16 0.173130 0.134518 0.041551 0.177665
12 0.220222 0.152284 0.074792 0.182741
4 0.282548 0.157360 0.060942 0.203046
1 0.350416 0.187817 0.047091 0.203046
2 0.415512 0.195431 0.077562 0.208122
1 0.484765 0.230964 0.072022 0.258883
4 0.544321 0.248731 0.058172 0.253807
10 0.652355 0.284264 0.069252 0.243655
8 0.716066 0.296954 0.047091 0.238579
6 0.858726 0.357868 0.055402 0.248731
6 0.908587 0.360406 0.044321 0.213198
4 0.963989 0.375635 0.066482 0.253807