4 0.031519 0.196875 0.063037 0.356250
2 0.093123 0.225000 0.071633 0.325000
9 0.164756 0.234375 0.060172 0.331250
16 0.207736 0.250000 0.037249 0.237500
5 0.252149 0.250000 0.063037 0.287500
1 0.318052 0.306250 0.063037 0.350000
2 0.391117 0.321875 0.071633 0.331250
9 0.454155 0.325000 0.065903 0.312500
13 0.515759 0.343750 0.057307 0.325000
16 0.563037 0.381250 0.025788 0.262500
8 0.590258 0.359375 0.022923 0.318750
4 0.637536 0.371875 0.054441 0.343750
8 0.680516 0.384375 0.020057 0.331250
1 0.730659 0.409375 0.063037 0.331250