12 0.204009 0.191901 0.049528 0.200704
4 0.254717 0.198944 0.051887 0.193662
1 0.308962 0.213028 0.042453 0.200704
2 0.354953 0.214789 0.040094 0.183099
8 0.390330 0.209507 0.040094 0.172535
15 0.426887 0.221831 0.061321 0.204225
16 0.470519 0.241197 0.025943 0.151408
4 0.512972 0.239437 0.063679 0.218310
9 0.560142 0.235915 0.040094 0.211268
8 0.593160 0.246479 0.025943 0.204225
10 0.640330 0.251761 0.054245 0.200704
2 0.695755 0.258803 0.061321 0.186620
8 0.738208 0.258803 0.028302 0.186620
10 0.812500 0.272887 0.049528 0.200704
11 0.862028 0.294014 0.049528 0.193662
8 0.911557 0.304577 0.044811 0.179577
7 0.968160 0.316901 0.054245 0.176056
6 0.892689 0.056338 0.063679 0.126761
9 0.836085 0.061620 0.040094 0.116197