0 0.033333 0.541833 0.035897 0.159363
1 0.073077 0.535857 0.033333 0.147410
14 0.104487 0.537849 0.026923 0.119522
5 0.132051 0.543825 0.030769 0.123506
1 0.167308 0.549801 0.032051 0.143426
8 0.191667 0.543825 0.008974 0.123506
2 0.211538 0.539841 0.020513 0.115538
4 0.238462 0.543825 0.030769 0.115538
16 0.267949 0.525896 0.020513 0.079681
4 0.296795 0.547809 0.042308 0.131474
9 0.326923 0.559761 0.030769 0.123506
8 0.353846 0.561753 0.020513 0.119522
10 0.378846 0.565737 0.026923 0.127490
11 0.412179 0.573705 0.034615 0.111554
8 0.438462 0.567729 0.017949 0.123506
16 0.457051 0.573705 0.016667 0.087649
10 0.478205 0.587649 0.025641 0.115538
11 0.503846 0.591633 0.023077 0.115538
9 0.528846 0.585657 0.024359 0.119522
8 0.548718 0.589641 0.017949 0.111554
7 0.573077 0.597610 0.025641 0.119522
7 0.603205 0.595618 0.029487 0.099602
16 0.630769 0.593625 0.017949 0.079681
2 0.655128 0.619522 0.035897 0.107570
9 0.684615 0.631474 0.025641 0.123506
10 0.713462 0.639442 0.024359 0.115538
8 0.737179 0.651394 0.012821 0.107570
16 0.757692 0.661355 0.020513 0.071713
9 0.787179 0.677291 0.025641 0.127490
14 0.815385 0.691235 0.020513 0.131474
8 0.841026 0.697211 0.010256 0.127490
16 0.867308 0.707171 0.016667 0.083665
9 0.898077 0.725100 0.021795 0.135458
11 0.928205 0.737052 0.025641 0.135458
16 0.951282 0.743028 0.015385 0.067729
10 0.989103 0.782869 0.016667 0.123506