16 0.252322 0.813725 0.025800 0.150327
6 0.282250 0.797386 0.034056 0.209150
8 0.303406 0.800654 0.012384 0.189542
2 0.326625 0.790850 0.025800 0.209150
8 0.349329 0.787582 0.015480 0.202614
7 0.371001 0.787582 0.029928 0.228758
16 0.404541 0.767974 0.026832 0.202614
12 0.429309 0.771242 0.018576 0.222222
4 0.464912 0.758170 0.029928 0.196078
1 0.490196 0.758170 0.018576 0.209150
2 0.517544 0.764706 0.019608 0.209150
1 0.551084 0.754902 0.028896 0.228758
4 0.585655 0.725490 0.029928 0.222222
2 0.973168 0.705882 0.028896 0.326797
9 0.922601 0.712418 0.024768 0.222222
4 0.894737 0.683007 0.028896 0.254902
1 0.864293 0.696078 0.036120 0.254902
16 0.831785 0.718954 0.018576 0.169935
15 0.802374 0.696078 0.040248 0.215686
9 0.770382 0.696078 0.021672 0.228758
11 0.744582 0.696078 0.031992 0.215686
1 0.709494 0.696078 0.031992 0.228758
7 0.667183 0.702614 0.023736 0.202614
9 0.635191 0.718954 0.017544 0.183007
16 0.618163 0.728758 0.018576 0.111111