10 0.093750 0.237864 0.032955 0.436893
8 0.124432 0.213592 0.012500 0.368932
7 0.151136 0.257282 0.022727 0.398058
16 0.181818 0.286408 0.015909 0.281553
14 0.200568 0.320388 0.023864 0.368932
1 0.238068 0.359223 0.042045 0.407767
0 0.279545 0.383495 0.029545 0.417476
8 0.314773 0.427184 0.015909 0.427184
16 0.336932 0.407767 0.019318 0.233010
4 0.363068 0.456311 0.035227 0.407767
8 0.390909 0.470874 0.020455 0.417476
1 0.422727 0.461165 0.027273 0.417476
11 0.453977 0.456311 0.023864 0.407767
16 0.475000 0.451456 0.018182 0.203883
4 0.500000 0.466019 0.022727 0.427184
1 0.538636 0.495146 0.025000 0.407767
7 0.568750 0.495146 0.030682 0.407767
9 0.598864 0.490291 0.022727 0.417476
15 0.630114 0.485437 0.035227 0.407767
16 0.651705 0.436893 0.017045 0.194175
2 0.674432 0.480583 0.023864 0.398058
8 0.702273 0.475728 0.011364 0.368932
1 0.736932 0.470874 0.032955 0.398058
15 0.777273 0.470874 0.029545 0.378641
1 0.984091 0.242718 0.036364 0.388350
1 0.951136 0.262136 0.036364 0.368932
16 0.922159 0.368932 0.019318 0.233010
9 0.898864 0.344660 0.025000 0.378641
11 0.876136 0.349515 0.020455 0.388350
1 0.849432 0.407767 0.023864 0.252427
8 0.817614 0.427184 0.012500 0.368932
16 0.798864 0.436893 0.015909 0.194175
9 0.039205 0.150485 0.014773 0.300971
16 0.059659 0.150485 0.014773 0.203883
11 0.013636 0.140777 0.022727 0.281553