11 0.018038 0.234177 0.041847 0.405063
4 0.069264 0.253165 0.046176 0.354430
8 0.106782 0.221519 0.023088 0.392405
5 0.130592 0.212025 0.033189 0.424051
8 0.163781 0.218354 0.030303 0.424051
9 0.204185 0.218354 0.030303 0.424051
15 0.243867 0.215190 0.043290 0.417722
16 0.257576 0.196203 0.027417 0.101266
4 0.296537 0.221519 0.047619 0.379747
8 0.345599 0.215190 0.030303 0.392405
1 0.397547 0.205696 0.062049 0.360759
2 0.446609 0.218354 0.036075 0.373418
1 0.494228 0.234177 0.044733 0.379747
16 0.528139 0.218354 0.014430 0.170886
1 0.554113 0.234177 0.031746 0.392405
11 0.591631 0.227848 0.034632 0.379747
8 0.624098 0.234177 0.015873 0.354430
7 0.652237 0.231013 0.031746 0.360759
16 0.678932 0.205696 0.021645 0.145570
2 0.702020 0.250000 0.030303 0.335443
8 0.730159 0.272152 0.011544 0.329114
1 0.768398 0.306962 0.030303 0.348101
8 0.795815 0.344937 0.010101 0.335443
16 0.816739 0.367089 0.020202 0.139241
9 0.840548 0.382911 0.038961 0.297468
0 0.886003 0.420886 0.043290 0.272152
11 0.921356 0.443038 0.036075 0.291139
16 0.945887 0.471519 0.018759 0.107595
5 0.974747 0.477848 0.036075 0.284810