7 0.259363 0.267045 0.031835 0.075758
12 0.302434 0.273674 0.031835 0.077652
8 0.328652 0.271780 0.009363 0.073864
3 0.351124 0.276515 0.028090 0.079545
4 0.394195 0.278409 0.035581 0.075758
16 0.461610 0.285985 0.020599 0.064394
5 0.490637 0.283144 0.037453 0.073864
3 0.524345 0.285985 0.022472 0.075758
4 0.572097 0.286932 0.031835 0.073864
11 0.603933 0.290720 0.028090 0.073864
6 0.634831 0.286932 0.033708 0.073864
9 0.675094 0.283144 0.035581 0.073864
16 0.705056 0.275568 0.020599 0.051136
13 0.744382 0.282197 0.046816 0.071970
8 0.789326 0.278409 0.024345 0.064394
8 0.310861 0.354167 0.026217 0.075758
4 0.338015 0.357008 0.024345 0.077652
16 0.362360 0.369318 0.020599 0.045455
12 0.388577 0.361742 0.031835 0.064394
4 0.428839 0.369318 0.033708 0.083333
8 0.453184 0.371212 0.026217 0.060606
10 0.486891 0.368371 0.044944 0.081439
14 0.525281 0.372159 0.031835 0.077652
4 0.558052 0.372159 0.033708 0.070076
16 0.582397 0.367424 0.018727 0.060606
10 0.606742 0.370265 0.033708 0.070076
5 0.641386 0.370265 0.031835 0.077652
4 0.671348 0.364583 0.031835 0.077652
9 0.700375 0.361742 0.029963 0.083333
0 0.734082 0.360795 0.041199 0.073864
16 0.762172 0.369318 0.022472 0.034091
13 0.784644 0.354167 0.044944 0.071970
1 0.474719 0.444129 0.039326 0.058712
13 0.510300 0.446023 0.031835 0.054924
16 0.537453 0.451705 0.011236 0.047348
10 0.565543 0.445076 0.029963 0.056818
1 0.605805 0.447917 0.039326 0.054924
8 0.647004 0.445076 0.020599 0.056818
0 0.384831 0.436553 0.035581 0.066288
10 0.341760 0.433712 0.028090 0.064394
16 0.314607 0.431818 0.018727 0.049242
4 0.286517 0.424242 0.026217 0.068182
9 0.255618 0.420455 0.031835 0.060606