8 0.948229 0.356522 0.032698 0.156522
9 0.922343 0.391304 0.024523 0.156522
8 0.892371 0.400000 0.024523 0.139130
8 0.867847 0.430435 0.024523 0.165217
13 0.765668 0.491304 0.032698 0.182609
8 0.735695 0.508696 0.021798 0.165217
2 0.700272 0.513043 0.043597 0.156522
7 0.651226 0.543478 0.038147 0.147826
8 0.611717 0.556522 0.024523 0.173913
10 0.581744 0.569565 0.046322 0.147826
4 0.512262 0.595652 0.049046 0.147826
1 0.461853 0.595652 0.046322 0.147826
2 0.416894 0.595652 0.038147 0.165217
3 0.371935 0.604348 0.035422 0.165217
4 0.317439 0.626087 0.046322 0.173913
4 0.159401 0.682609 0.040872 0.165217
2 0.080381 0.708696 0.040872 0.252174
15 0.028610 0.682609 0.051771 0.234783
8 0.198910 0.669565 0.016349 0.139130