7 0.943038 0.556886 0.056962 0.143713
8 0.900316 0.565868 0.022152 0.137725
10 0.846519 0.562874 0.060127 0.131737
4 0.786392 0.508982 0.053797 0.167665
1 0.712025 0.482036 0.044304 0.161677
2 0.669304 0.467066 0.041139 0.131737
3 0.626582 0.431138 0.037975 0.131737
13 0.574367 0.398204 0.053797 0.149701
1 0.501582 0.377246 0.053797 0.155689
4 0.438291 0.356287 0.041139 0.161677
10 0.389241 0.329341 0.031646 0.155689
8 0.354430 0.323353 0.018987 0.131737
2 0.324367 0.305389 0.047468 0.143713
8 0.283228 0.299401 0.022152 0.155689
5 0.238924 0.275449 0.053797 0.155689
7 0.193038 0.248503 0.037975 0.149701
8 0.162975 0.236527 0.028481 0.161677
15 0.106013 0.197605 0.047468 0.155689
8 0.064873 0.179641 0.028481 0.131737