3 0.023916 0.570313 0.038864 0.578125
16 0.053064 0.574219 0.022422 0.507813
1 0.082212 0.582031 0.041854 0.523438
5 0.123318 0.570313 0.037369 0.546875
3 0.162930 0.582031 0.044843 0.539063
7 0.197309 0.597656 0.038864 0.554688
1 0.238416 0.613281 0.052317 0.523438
1 0.277280 0.562500 0.028401 0.328125
8 0.297459 0.593750 0.023916 0.515625
16 0.317638 0.613281 0.022422 0.382813
5 0.341555 0.628906 0.031390 0.539063
9 0.366966 0.617188 0.034380 0.578125
4 0.419283 0.652344 0.049327 0.539063
2 0.455904 0.648438 0.020927 0.500000
1 0.483558 0.660156 0.037369 0.507813
11 0.526158 0.679688 0.041854 0.546875
3 0.572496 0.714844 0.032885 0.539063
5 0.609118 0.707031 0.034380 0.554688
1 0.650224 0.742188 0.041854 0.531250
13 0.691330 0.714844 0.043348 0.539063
16 0.718984 0.730469 0.017937 0.398438
9 0.747384 0.726563 0.032885 0.546875
1 0.786248 0.726563 0.047833 0.546875
5 0.829596 0.734375 0.029895 0.515625
16 0.848281 0.785156 0.013453 0.367188
0 0.884155 0.730469 0.040359 0.460938
1 0.926009 0.757813 0.040359 0.468750
4 0.969357 0.765625 0.049327 0.453125