15 0.063779 0.733766 0.077016 0.259740
14 0.113718 0.626623 0.025271 0.396104
16 0.092058 0.620130 0.018051 0.240260
8 0.140794 0.616883 0.009627 0.415584
0 0.178099 0.590909 0.036101 0.493506
1 0.219013 0.581169 0.036101 0.461039
11 0.264741 0.574675 0.036101 0.448052
8 0.303851 0.581169 0.015644 0.448052
7 0.328520 0.558442 0.024067 0.467532
16 0.353189 0.577922 0.015644 0.311688
0 0.382070 0.555195 0.037304 0.435065
1 0.418171 0.558442 0.034898 0.467532
2 0.447052 0.564935 0.025271 0.454545
1 0.480144 0.574675 0.033694 0.435065
4 0.514440 0.594156 0.030084 0.448052
16 0.537304 0.551948 0.013237 0.272727
1 0.561974 0.629870 0.028881 0.480519
8 0.589049 0.636364 0.010830 0.454545
7 0.608905 0.642857 0.026474 0.467532
16 0.631167 0.672078 0.015644 0.331169
8 0.645608 0.668831 0.010830 0.441558
1 0.675090 0.681818 0.033694 0.428571
16 0.699158 0.691558 0.009627 0.331169
1 0.719013 0.698052 0.030084 0.461039
9 0.750903 0.694805 0.028881 0.441558
4 0.786402 0.688312 0.039711 0.454545
2 0.821901 0.698052 0.031288 0.448052
16 0.844765 0.685065 0.014440 0.331169
11 0.871841 0.707792 0.042118 0.480519
1 0.912756 0.720779 0.037304 0.480519
2 0.941637 0.727273 0.022864 0.480519
4 0.978339 0.737013 0.040915 0.500000