8 0.070809 0.712766 0.060694 0.114894
7 0.111272 0.663830 0.049133 0.153191
16 0.170520 0.642553 0.046243 0.059574
11 0.208092 0.591489 0.069364 0.136170
4 0.294798 0.538298 0.075145 0.123404
5 0.372832 0.500000 0.069364 0.123404
16 0.414740 0.485106 0.020231 0.085106
6 0.460983 0.455319 0.049133 0.153191
4 0.540462 0.414894 0.075145 0.148936
2 0.641618 0.372340 0.080925 0.114894
9 0.710983 0.338298 0.046243 0.131915
16 0.757225 0.329787 0.023121 0.072340
5 0.797688 0.300000 0.040462 0.148936
1 0.858382 0.285106 0.057803 0.144681
2 0.923410 0.268085 0.060694 0.119149
9 0.982659 0.253191 0.034682 0.114894