2 0.056848 0.511111 0.041344 0.177778
8 0.096899 0.511111 0.038760 0.166667
16 0.125323 0.513889 0.038760 0.150000
10 0.178295 0.533333 0.046512 0.166667
11 0.251938 0.538889 0.059432 0.188889
8 0.304910 0.561111 0.020672 0.188889
7 0.356589 0.580556 0.051680 0.172222
16 0.390181 0.586111 0.025840 0.116667
2 0.426357 0.605556 0.051680 0.166667
8 0.472868 0.619444 0.025840 0.161111
10 0.520672 0.622222 0.049096 0.155556
8 0.562016 0.644444 0.028424 0.177778
16 0.590439 0.658333 0.023256 0.127778
8 0.616279 0.677778 0.043928 0.144444
0 0.678295 0.700000 0.074935 0.133333
11 0.742894 0.744444 0.049096 0.177778
15 0.780362 0.808333 0.082687 0.161111
16 0.834625 0.825000 0.036176 0.138889
1 0.873385 0.872222 0.062016 0.177778
10 0.392765 0.402778 0.041344 0.138889
5 0.335917 0.380556 0.041344 0.150000
1 0.282946 0.377778 0.049096 0.133333