2 0.120978 0.446396 0.023166 0.072089
8 0.138996 0.446396 0.010296 0.064695
16 0.149936 0.446396 0.011583 0.057301
9 0.162162 0.445471 0.010296 0.070240
12 0.182111 0.451017 0.027027 0.073937
10 0.209138 0.451941 0.024453 0.075786
8 0.231660 0.451017 0.012870 0.081331
14 0.249678 0.448244 0.018018 0.086876
3 0.267696 0.449168 0.015444 0.085028
7 0.283140 0.448244 0.012870 0.083179
16 0.296010 0.447320 0.015444 0.081331
9 0.312741 0.450092 0.020592 0.086876
4 0.336551 0.446396 0.027027 0.086876
5 0.362291 0.447320 0.024453 0.085028
8 0.377735 0.447320 0.011583 0.077634
16 0.391892 0.446396 0.014157 0.086876
8 0.429858 0.444547 0.028314 0.086876
5 0.465251 0.442699 0.027027 0.079482
1 0.490991 0.441774 0.027027 0.077634
12 0.516088 0.437153 0.025740 0.083179
16 0.536680 0.438078 0.015444 0.081331
8 0.549550 0.440850 0.012870 0.079482
5 0.564994 0.440850 0.023166 0.086876
16 0.580438 0.438078 0.012870 0.073937
9 0.597169 0.439002 0.020592 0.083179
10 0.621622 0.436229 0.028314 0.085028
12 0.650579 0.435305 0.024453 0.083179
8 0.667310 0.436229 0.011583 0.088725
3 0.682111 0.435305 0.018018 0.086876
4 0.703990 0.437153 0.030888 0.075786
7 0.727799 0.439002 0.016731 0.064695
13 0.749678 0.425139 0.029601 0.085028
1 0.774131 0.426063 0.024453 0.086876
14 0.795367 0.426987 0.023166 0.085028
8 0.814028 0.425139 0.009009 0.081331
16 0.826898 0.426063 0.016731 0.072089