2 0.952033 0.580338 0.043902 0.112051
1 0.909756 0.588795 0.043902 0.112051
4 0.866667 0.608879 0.048780 0.084567
1 0.823577 0.618393 0.043902 0.086681
1 0.768293 0.643763 0.043902 0.082452
9 0.736585 0.655391 0.029268 0.076110
4 0.698374 0.662791 0.034146 0.086681
16 0.669106 0.668076 0.011382 0.059197
6 0.643902 0.667019 0.032520 0.082452
6 0.609756 0.673362 0.026016 0.082452
6 0.574797 0.675476 0.034146 0.086681
1 0.519512 0.680761 0.053659 0.088795
1 0.479675 0.697674 0.026016 0.076110
10 0.447967 0.702960 0.024390 0.082452
10 0.366667 0.700846 0.034146 0.090909
10 0.322764 0.704017 0.047154 0.088795
9 0.251220 0.707188 0.034146 0.103594
16 0.214634 0.701903 0.019512 0.088795
1 0.178862 0.711416 0.032520 0.116279
9 0.146341 0.706131 0.029268 0.101480
5 0.104065 0.706131 0.039024 0.105708
11 0.060976 0.702960 0.034146 0.103594
8 0.035772 0.700846 0.016260 0.099366
10 0.048780 0.575053 0.032520 0.118393
9 0.082927 0.580338 0.029268 0.116279
9 0.110569 0.587738 0.032520 0.118393
10 0.149593 0.588795 0.029268 0.116279
8 0.173984 0.582452 0.016260 0.116279
8 0.208943 0.583510 0.021138 0.126850
11 0.237398 0.583510 0.032520 0.114165
9 0.263415 0.584567 0.026016 0.128964
7 0.293496 0.584567 0.024390 0.124736
1 0.331707 0.585624 0.035772 0.114165
16 0.360976 0.582452 0.013008 0.103594
9 0.387805 0.582452 0.021138 0.133192
11 0.426016 0.578224 0.042276 0.128964
1 0.469919 0.579281 0.035772 0.131078
12 0.512195 0.571882 0.035772 0.116279
8 0.539024 0.566596 0.017886 0.126850
16 0.562602 0.557082 0.019512 0.103594
3 0.585366 0.563425 0.022764 0.128964
2 0.621138 0.559197 0.039024 0.128964
8 0.653659 0.559197 0.022764 0.133192
5 0.695935 0.540169 0.042276 0.120507
10 0.734959 0.532770 0.032520 0.126850
13 0.600000 0.401691 0.071545 0.084567