11 0.288284 0.446154 0.050738 0.646154
4 0.335793 0.411538 0.040590 0.623077
1 0.371771 0.453846 0.033210 0.476923
11 0.404059 0.415385 0.029520 0.476923
8 0.428967 0.392308 0.020295 0.461538
7 0.450646 0.388462 0.019373 0.484615
16 0.471402 0.407692 0.012915 0.353846
10 0.491697 0.365385 0.025830 0.576923
9 0.517989 0.361538 0.024908 0.569231
11 0.549815 0.607692 0.035055 0.292308
16 0.562269 0.338462 0.015683 0.276923
5 0.588100 0.403846 0.034133 0.561538
14 0.620387 0.400000 0.019373 0.523077
1 0.651292 0.423077 0.033210 0.523077
9 0.696494 0.461538 0.023985 0.538462
8 0.727860 0.457692 0.020295 0.561538
5 0.759225 0.476923 0.035055 0.523077
8 0.787362 0.511538 0.017528 0.453846
16 0.801199 0.492308 0.010148 0.384615
13 0.821494 0.500000 0.024908 0.584615
11 0.852399 0.453846 0.033210 0.600000
1 0.887915 0.434615 0.026753 0.484615
12 0.915129 0.376923 0.033210 0.523077
16 0.938192 0.380769 0.020295 0.500000