11 0.039511 0.574074 0.037629 0.759259
1 0.085136 0.537037 0.040452 0.666667
5 0.118532 0.527778 0.018815 0.648148
9 0.143462 0.550926 0.025400 0.564815
16 0.161806 0.569444 0.011289 0.546296
5 0.183913 0.495370 0.025400 0.750000
1 0.214487 0.541667 0.028222 0.712963
4 0.244120 0.504630 0.025400 0.675926
13 0.281750 0.537037 0.046096 0.740741
10 0.361712 0.569444 0.042333 0.675926
1 0.404986 0.606481 0.036689 0.694444
7 0.436971 0.555556 0.023518 0.648148
16 0.457197 0.578704 0.011289 0.620370
10 0.482126 0.564815 0.031044 0.703704
9 0.517874 0.583333 0.025400 0.666667
15 0.544685 0.634259 0.037629 0.546296
16 0.566792 0.509259 0.019755 0.425926
6 0.588429 0.518519 0.019755 0.666667
1 0.619473 0.564815 0.036689 0.648148
14 0.649106 0.532407 0.028222 0.638889
14 0.678739 0.541667 0.029163 0.750000
7 0.710254 0.574074 0.033866 0.685185
16 0.738946 0.611111 0.023518 0.629630