1 0.028607 0.250000 0.042289 0.185714
5 0.065920 0.257143 0.022388 0.171429
10 0.106965 0.250000 0.024876 0.157143
9 0.145522 0.242857 0.027363 0.200000
14 0.187811 0.257143 0.017413 0.171429
1 0.226368 0.242857 0.029851 0.171429
16 0.252488 0.242857 0.012438 0.085714
1 0.272388 0.221429 0.022388 0.157143
5 0.308458 0.221429 0.019900 0.157143
16 0.328358 0.235714 0.014925 0.100000
1 0.349502 0.221429 0.027363 0.157143
10 0.391791 0.228571 0.022388 0.171429
13 0.427861 0.200000 0.024876 0.171429
1 0.470149 0.221429 0.024876 0.157143
2 0.508706 0.214286 0.022388 0.171429
8 0.536070 0.228571 0.012438 0.171429
15 0.572139 0.200000 0.024876 0.171429
12 0.606965 0.207143 0.014925 0.157143
8 0.634328 0.200000 0.014925 0.171429
11 0.664179 0.214286 0.024876 0.171429
4 0.697761 0.200000 0.022388 0.171429
16 0.716418 0.207143 0.009950 0.100000
2 0.731343 0.192857 0.014925 0.157143
14 0.965174 0.142857 0.019900 0.228571
8 0.946517 0.157143 0.017413 0.200000
11 0.927861 0.157143 0.019900 0.171429
8 0.910448 0.164286 0.009950 0.185714
2 0.899254 0.171429 0.017413 0.200000
1 0.878109 0.185714 0.019900 0.171429
9 0.859453 0.178571 0.017413 0.185714
5 0.842040 0.185714 0.017413 0.200000
9 0.753731 0.185714 0.019900 0.200000
8 0.779851 0.192857 0.017413 0.185714
8 0.800995 0.192857 0.014925 0.185714
8 0.819652 0.200000 0.017413 0.171429