8 0.015217 0.281915 0.013043 0.138298
14 0.078261 0.372340 0.026087 0.170213
13 0.108696 0.356383 0.034783 0.159574
15 0.145652 0.324468 0.034783 0.117021
8 0.208696 0.308511 0.013043 0.148936
15 0.235870 0.313830 0.028261 0.159574
4 0.305435 0.313830 0.019565 0.159574
1 0.335870 0.324468 0.019565 0.180851
2 0.368478 0.335106 0.015217 0.180851
9 0.827174 0.404255 0.019565 0.191489
10 0.795652 0.393617 0.026087 0.191489
8 0.745652 0.393617 0.013043 0.212766
4 0.714130 0.398936 0.023913 0.202128
16 0.697826 0.414894 0.017391 0.127660
1 0.670652 0.388298 0.023913 0.202128
11 0.630435 0.372340 0.030435 0.170213
8 0.592391 0.367021 0.019565 0.159574
14 0.568478 0.377660 0.019565 0.202128
16 0.548913 0.393617 0.015217 0.085106
15 0.528261 0.382979 0.034783 0.170213
8 0.497826 0.382979 0.013043 0.148936
14 0.467391 0.372340 0.017391 0.148936
1 0.401087 0.329787 0.019565 0.127660
8 0.268478 0.319149 0.010870 0.170213