11 0.093148 0.373418 0.019272 0.164557
8 0.131692 0.386076 0.014989 0.189873
9 0.164882 0.379747 0.012848 0.177215
4 0.200214 0.367089 0.023555 0.227848
0 0.235546 0.386076 0.021413 0.189873
15 0.266595 0.379747 0.019272 0.202532
16 0.281585 0.386076 0.014989 0.113924
1 0.304069 0.386076 0.025696 0.189873
5 0.335118 0.373418 0.023555 0.189873
8 0.362955 0.386076 0.010707 0.189873
16 0.381156 0.379747 0.017131 0.151899
1 0.402570 0.379747 0.025696 0.202532
4 0.436831 0.386076 0.021413 0.189873
3 0.467880 0.386076 0.019272 0.164557
5 0.494647 0.405063 0.017131 0.177215
1 0.837259 0.455696 0.025696 0.202532
5 0.862955 0.462025 0.021413 0.164557
8 0.800857 0.436709 0.012848 0.240506
5 0.773019 0.398734 0.025696 0.189873
1 0.743041 0.417722 0.021413 0.202532
16 0.722698 0.417722 0.014989 0.075949
8 0.708779 0.417722 0.012848 0.177215
5 0.678801 0.405063 0.017131 0.177215
8 0.648822 0.417722 0.012848 0.177215
1 0.622056 0.417722 0.023555 0.177215
16 0.600642 0.405063 0.014989 0.101266
5 0.586724 0.417722 0.012848 0.202532
1 0.562099 0.417722 0.023555 0.202532
9 0.522484 0.411392 0.012848 0.189873
16 0.538544 0.430380 0.014989 0.101266