2 0.048626 0.514423 0.029598 0.182692
8 0.077167 0.495192 0.014799 0.201923
1 0.104651 0.485577 0.035941 0.201923
2 0.138478 0.471154 0.027484 0.211538
1 0.172304 0.466346 0.031712 0.201923
14 0.204017 0.442308 0.027484 0.192308
0 0.246300 0.432692 0.035941 0.192308
15 0.284355 0.408654 0.035941 0.201923
16 0.307611 0.389423 0.019027 0.105769
8 0.366808 0.403846 0.014799 0.211538
16 0.384778 0.403846 0.016913 0.153846
2 0.408034 0.399038 0.021142 0.201923
5 0.924947 0.490385 0.031712 0.192308
2 0.889006 0.485577 0.031712 0.201923
7 0.847780 0.466346 0.025370 0.221154
8 0.818182 0.471154 0.021142 0.192308
9 0.789641 0.456731 0.023256 0.221154
11 0.756871 0.442308 0.029598 0.250000
10 0.727273 0.447115 0.029598 0.201923
16 0.698732 0.432692 0.014799 0.153846
1 0.670190 0.447115 0.033827 0.201923
2 0.636364 0.432692 0.025370 0.192308
10 0.602537 0.432692 0.042283 0.192308
8 0.572939 0.423077 0.012685 0.211538
9 0.550740 0.413462 0.027484 0.211538
8 0.506342 0.418269 0.019027 0.201923
16 0.491543 0.413462 0.019027 0.153846
15 0.466173 0.403846 0.031712 0.211538
1 0.434461 0.389423 0.027484 0.240385