8 0.015909 0.562874 0.027273 0.155689
15 0.053409 0.523952 0.034091 0.173653
2 0.095455 0.511976 0.045455 0.161677
8 0.132955 0.520958 0.020455 0.155689
1 0.165909 0.523952 0.031818 0.161677
2 0.206818 0.523952 0.027273 0.173653
13 0.251136 0.526946 0.038636 0.167665
1 0.296591 0.559880 0.052273 0.173653
7 0.340909 0.577844 0.045455 0.161677
11 0.373864 0.586826 0.038636 0.155689
8 0.404545 0.592814 0.031818 0.143713
0 0.435227 0.607784 0.043182 0.173653
9 0.477273 0.625749 0.045455 0.173653
1 0.513636 0.652695 0.050000 0.167665
4 0.563636 0.667665 0.040909 0.209581
10 0.617045 0.709581 0.034091 0.209581
8 0.650000 0.715569 0.013636 0.185629
7 0.681818 0.730539 0.031818 0.191617
16 0.711364 0.757485 0.022727 0.125749
8 0.737500 0.751497 0.025000 0.173653
1 0.776136 0.772455 0.043182 0.179641
2 0.820455 0.778443 0.040909 0.167665
9 0.854545 0.799401 0.031818 0.173653
9 0.901136 0.808383 0.029545 0.167665
14 0.931818 0.811377 0.027273 0.173653
12 0.964773 0.835329 0.034091 0.161677