16 0.929471 0.410891 0.045340 0.207921
8 0.031486 0.613861 0.022670 0.138614
7 0.059194 0.608911 0.027708 0.168317
3 0.089421 0.603960 0.022670 0.158416
10 0.113350 0.599010 0.020151 0.188119
13 0.146096 0.608911 0.045340 0.188119
1 0.185139 0.608911 0.042821 0.207921
7 0.236776 0.599010 0.025189 0.207921
11 0.272040 0.594059 0.040302 0.217822
4 0.312343 0.589109 0.040302 0.207921
16 0.348866 0.579208 0.032746 0.128713
5 0.377834 0.589109 0.030227 0.247525
9 0.409320 0.574257 0.032746 0.237624
4 0.452141 0.579208 0.042821 0.227723
9 0.488665 0.579208 0.035264 0.227723
1 0.574307 0.564356 0.045340 0.217822
7 0.625945 0.554455 0.042821 0.237624
16 0.656171 0.544554 0.017632 0.099010
13 0.685139 0.534653 0.030227 0.198020
8 0.715365 0.529703 0.015113 0.188119
4 0.748111 0.519802 0.040302 0.207921
5 0.787154 0.495050 0.032746 0.237624
9 0.813602 0.485149 0.020151 0.198020
2 0.860202 0.440594 0.047859 0.227723
8 0.890428 0.425743 0.022670 0.217822