8 0.748474 0.620559 0.029119 0.157724
7 0.682169 0.527842 0.021794 0.175214
11 0.323213 0.550007 0.034052 0.159068
2 0.718916 0.573109 0.029711 0.178376
11 0.578807 0.458881 0.023436 0.161880
8 0.289360 0.604824 0.030809 0.156815
10 0.542796 0.450365 0.028964 0.161512
4 0.366491 0.487964 0.038055 0.155288
10 0.465012 0.436959 0.034357 0.168486
9 0.403708 0.457375 0.021645 0.172021
9 0.495808 0.439871 0.020825 0.165381
7 0.777663 0.692184 0.028155 0.144928
8 0.429982 0.446666 0.015572 0.174557
9 0.616105 0.472047 0.021048 0.176612
8 0.253034 0.681905 0.032415 0.161455
8 0.648193 0.496069 0.019338 0.182270
16 0.699630 0.530296 0.013953 0.092620
16 0.515847 0.458857 0.016628 0.100874
