5 0.811342 0.261573 0.028655 0.244281
4 0.608038 0.333255 0.041262 0.235264
2 0.649225 0.319807 0.030208 0.259815
8 0.691146 0.318508 0.026037 0.253634
5 0.523197 0.344473 0.032277 0.246030
8 0.882322 0.208003 0.026174 0.234459
1 0.775784 0.296314 0.039194 0.252170
7 0.906657 0.180864 0.024899 0.231890
9 0.735425 0.307992 0.028930 0.254355
16 0.710792 0.296089 0.016915 0.194008
8 0.425813 0.319260 0.025759 0.246433
7 0.455991 0.337153 0.028916 0.238177
9 0.558144 0.342786 0.036453 0.248710
9 0.853917 0.228434 0.023705 0.231381
16 0.833773 0.265146 0.017290 0.122825
2 0.387196 0.298047 0.040096 0.268648
8 0.904534 0.183283 0.024875 0.227137
16 0.866612 0.883995 0.037764 0.201111
