10 0.572944 0.450963 0.021343 0.253850
4 0.455913 0.493402 0.026153 0.289220
4 0.421341 0.493927 0.027400 0.288441
7 0.626431 0.452930 0.022981 0.255431
5 0.217564 0.549679 0.026397 0.288894
0 0.761203 0.423409 0.025925 0.252746
4 0.310438 0.529619 0.023907 0.289338
0 0.840633 0.416272 0.020346 0.246200
9 0.330639 0.524536 0.016802 0.287310
2 0.246240 0.539814 0.019142 0.280249
15 0.283798 0.533539 0.026009 0.295552
15 0.133905 0.594737 0.028510 0.278548
2 0.649588 0.455481 0.020727 0.275614
5 0.354880 0.515484 0.022200 0.299233
10 0.496537 0.471635 0.023103 0.270274
1 0.542446 0.468200 0.023141 0.266780
8 0.607739 0.453875 0.008263 0.238885
11 0.592231 0.453148 0.020273 0.250770
10 0.708130 0.442217 0.019727 0.244675
1 0.191225 0.572954 0.026281 0.310808
4 0.875549 0.412014 0.018695 0.246330
9 0.165283 0.581985 0.020177 0.268430
0 0.109473 0.597605 0.021824 0.269917
8 0.262842 0.542576 0.013294 0.285002
8 0.801022 0.430128 0.008423 0.232664
9 0.857917 0.411681 0.016181 0.226303
14 0.090314 0.594554 0.016291 0.261973
1 0.069857 0.601998 0.023158 0.265122
16 0.150631 0.556279 0.008970 0.112883
8 0.476330 0.486633 0.012174 0.263328
8 0.722677 0.439173 0.011282 0.238406
8 0.047144 0.612010 0.019070 0.317923
16 0.732032 0.433370 0.007621 0.208248
7 0.686712 0.440778 0.018381 0.248048
0 0.915842 0.394333 0.023878 0.226850
1 0.520241 0.469791 0.020266 0.257236
16 0.736280 0.429560 0.009792 0.221348
16 0.382336 0.508231 0.012038 0.258320
14 0.787443 0.428108 0.018300 0.238654
9 0.893215 0.400870 0.016234 0.241807
15 0.817299 0.426746 0.021868 0.231576
8 0.667225 0.445478 0.013767 0.262930
16 0.739958 0.432438 0.010016 0.237766
7 0.375282 0.516991 0.017744 0.287696
5 0.787275 0.426045 0.018095 0.238212
9 0.667605 0.448960 0.013974 0.256922
5 0.110202 0.590241 0.022526 0.264074
10 0.398634 0.498680 0.019428 0.291948
16 0.556816 0.458663 0.009540 0.199087
16 0.151302 0.597939 0.009036 0.178472
4 0.892573 0.403974 0.015900 0.238604
