10 0.388854 0.651296 0.038712 0.256498
1 0.685569 0.717991 0.036670 0.298979
2 0.598262 0.697218 0.029626 0.256817
9 0.313080 0.639585 0.027334 0.272599
1 0.885794 0.716800 0.036215 0.215918
9 0.761668 0.726670 0.027324 0.258104
9 0.528300 0.682320 0.024112 0.252128
11 0.813075 0.715472 0.030343 0.217669
2 0.725659 0.721181 0.035161 0.270533
15 0.452493 0.686925 0.033215 0.208957
0 0.563180 0.697266 0.040738 0.244419
9 0.427361 0.676969 0.022033 0.207294
5 0.656591 0.709284 0.029075 0.296319
16 0.362214 0.651202 0.016509 0.241977
11 0.937522 0.735978 0.037723 0.250573
12 0.847301 0.710814 0.035033 0.234259
10 0.158716 0.625033 0.029153 0.279342
4 0.848040 0.712289 0.035098 0.230987
4 0.097304 0.618620 0.036584 0.257222
13 0.279404 0.609924 0.044222 0.328464
16 0.474544 0.688535 0.015478 0.176204
16 0.635374 0.714752 0.014719 0.220866
0 0.656076 0.706854 0.027665 0.279958
9 0.498685 0.683490 0.026247 0.240529
3 0.498717 0.684632 0.026581 0.240211
7 0.342236 0.641056 0.026341 0.270714
