4 0.470974 0.790017 0.031175 0.127346
10 0.499930 0.231772 0.020673 0.121956
10 0.651131 0.246566 0.025833 0.105495
7 0.693394 0.768319 0.022099 0.108673
15 0.320790 0.803622 0.027421 0.128208
10 0.635824 0.769636 0.024311 0.112797
4 0.510292 0.786500 0.026796 0.126079
9 0.946648 0.752564 0.018392 0.110551
2 0.786652 0.265508 0.019770 0.105217
5 0.250492 0.811356 0.029418 0.123780
9 0.742502 0.259679 0.016360 0.100133
5 0.823278 0.269028 0.019714 0.109655
1 0.089990 0.832554 0.025134 0.116436
9 0.193738 0.825489 0.020856 0.119149
0 0.927892 0.754457 0.020287 0.106753
2 0.281999 0.808533 0.020865 0.126344
0 0.841153 0.757223 0.028294 0.107730
9 0.373550 0.800161 0.018718 0.127023
14 0.112126 0.831476 0.016985 0.111474
11 0.656944 0.770455 0.022000 0.109966
7 0.618583 0.243191 0.016058 0.104740
1 0.603732 0.777718 0.025289 0.114695
0 0.764559 0.261077 0.023320 0.096276
8 0.299620 0.806721 0.013620 0.125532
10 0.552816 0.781168 0.025820 0.116136
10 0.783219 0.766305 0.022061 0.103285
2 0.719457 0.771509 0.022491 0.120010
9 0.600098 0.241868 0.017696 0.101991
15 0.158980 0.831034 0.029129 0.117163
8 0.674664 0.769402 0.011188 0.104753
8 0.480974 0.233373 0.011379 0.101689
0 0.132686 0.830976 0.024704 0.113279
9 0.892612 0.277510 0.017969 0.099538
5 0.398225 0.796709 0.023847 0.129481
4 0.351429 0.804584 0.026115 0.123458
8 0.802614 0.270093 0.009828 0.100420
16 0.810454 0.771197 0.010251 0.081673
2 0.870395 0.274592 0.024296 0.107565
1 0.221621 0.822661 0.028373 0.130212
8 0.800581 0.766274 0.011942 0.102725
8 0.885252 0.760772 0.009794 0.096607
15 0.692644 0.260405 0.021497 0.085084
4 0.966265 0.752395 0.020290 0.108852
1 0.844760 0.273989 0.024569 0.110372
1 0.973871 0.270932 0.022365 0.085795
15 0.902397 0.759595 0.023792 0.096694
7 0.421017 0.795729 0.021019 0.128534
7 0.760302 0.767861 0.017953 0.106867
16 0.429684 0.796290 0.012100 0.116702
2 0.579147 0.779644 0.023372 0.112144
8 0.536706 0.228662 0.011348 0.126897
16 0.618141 0.769578 0.010786 0.096069
16 0.490954 0.789590 0.011006 0.095773
8 0.531628 0.786371 0.012421 0.113272
16 0.909219 0.273817 0.014414 0.085469
7 0.632731 0.245991 0.011265 0.096866
16 0.177219 0.826170 0.010713 0.062637
9 0.738574 0.770107 0.014694 0.110311
8 0.820704 0.761816 0.010230 0.105392
11 0.521368 0.225954 0.021784 0.142544
9 0.721762 0.259067 0.020287 0.093233
16 0.633230 0.248106 0.011828 0.087156
11 0.927265 0.273180 0.020813 0.089819
13 0.579336 0.235023 0.025639 0.114315
9 0.674554 0.255731 0.015471 0.084114
14 0.869516 0.760219 0.020572 0.100398
4 0.843928 0.273017 0.024635 0.113596
8 0.892476 0.276726 0.017035 0.100605
8 0.417248 0.797096 0.013581 0.134316
9 0.984581 0.748371 0.019404 0.111106
8 0.738273 0.770236 0.015274 0.114193
12 0.460984 0.223763 0.021303 0.123593
4 0.221886 0.822289 0.028718 0.128941
4 0.949598 0.271134 0.022154 0.088232
5 0.869374 0.760119 0.021221 0.101705
4 0.974298 0.270187 0.020694 0.086632
4 0.460541 0.224562 0.021870 0.123950
8 0.599498 0.241201 0.015197 0.100432
8 0.969817 0.462855 0.017580 0.073464
5 0.760550 0.768285 0.018332 0.111573
16 0.814235 0.760359 0.009273 0.093747
5 0.552558 0.224003 0.016427 0.130670
10 0.990025 0.452705 0.019288 0.080197
16 0.992683 0.274018 0.012556 0.078122
16 0.178422 0.826649 0.011966 0.077498
1 0.578745 0.780847 0.022807 0.117052
10 0.787825 0.765361 0.028138 0.103267
8 0.822378 0.762313 0.007869 0.104217
10 0.673756 0.254421 0.015464 0.082448
