14 0.871616 0.492455 0.041246 0.219589
4 0.581359 0.423352 0.051575 0.203718
1 0.386196 0.436239 0.068276 0.236792
1 0.778884 0.461672 0.049996 0.223123
2 0.912159 0.501883 0.042005 0.220734
8 0.676814 0.429950 0.025081 0.211886
5 0.491201 0.411685 0.040173 0.233982
7 0.580224 0.670011 0.042371 0.235760
1 0.429209 0.708352 0.045493 0.230111
5 0.317771 0.428346 0.052826 0.282300
8 0.302815 0.718862 0.030416 0.240948
2 0.635695 0.425783 0.044832 0.210602
8 0.740803 0.683850 0.025579 0.216204
8 0.543728 0.674929 0.028225 0.246504
1 0.874978 0.721767 0.040216 0.176147
5 0.720838 0.430908 0.058948 0.211475
0 0.160416 0.740200 0.046889 0.250582
9 0.824585 0.479625 0.042483 0.230380
8 0.280291 0.443340 0.020247 0.282672
7 0.467726 0.687862 0.033724 0.249422
7 0.334750 0.712384 0.032470 0.236526
9 0.195831 0.738491 0.027665 0.242022
5 0.381873 0.703612 0.046912 0.248516
9 0.118324 0.758563 0.029450 0.252409
1 0.264535 0.733654 0.053443 0.233801
1 0.913390 0.506372 0.042412 0.220917
9 0.769698 0.700161 0.032173 0.197522
0 0.152624 0.738843 0.030697 0.239607
16 0.458254 0.438244 0.023328 0.166156
14 0.470496 0.690790 0.033107 0.248012
5 0.151637 0.741785 0.028693 0.245250
9 0.529957 0.420870 0.039319 0.223828
14 0.367155 0.705208 0.031417 0.248385
14 0.804052 0.709436 0.033521 0.180367
15 0.505450 0.686517 0.038959 0.259115
9 0.221232 0.738551 0.030614 0.236177
1 0.967625 0.546831 0.048708 0.173480
8 0.677060 0.427348 0.016426 0.211264
