11 0.645062 0.399743 0.042640 0.799485
7 0.263437 0.557219 0.034358 0.763916
9 0.332404 0.504330 0.032526 0.881776
11 0.194418 0.601886 0.034389 0.719840
1 0.940716 0.349018 0.035319 0.698037
10 0.760205 0.399915 0.053341 0.799830
5 0.415141 0.474357 0.036588 0.929035
16 0.498322 0.480554 0.027046 0.692529
1 0.456581 0.482391 0.050685 0.931905
4 0.373856 0.504986 0.043610 0.907614
9 0.839753 0.363983 0.023205 0.727967
4 0.870213 0.364556 0.033530 0.729112
11 0.714873 0.408387 0.033307 0.816775
13 0.905020 0.356362 0.035829 0.712723
8 0.683463 0.399120 0.023148 0.798241
7 0.968621 0.329636 0.028106 0.659271
8 0.931237 0.359638 0.012695 0.697215
8 0.819131 0.374468 0.016460 0.732337
16 0.992049 0.361772 0.015467 0.559229
13 0.300653 0.553873 0.035427 0.797386
14 0.715377 0.409957 0.034608 0.819915
9 0.232828 0.566535 0.028682 0.771662
12 0.301993 0.550119 0.033202 0.775880
16 0.608307 0.413268 0.036526 0.826536
16 0.801681 0.385015 0.019196 0.560745
7 0.607076 0.276307 0.032436 0.552614
