2 0.176730 0.588649 0.044222 0.805507
5 0.732752 0.442499 0.038608 0.884999
4 0.788612 0.453017 0.061005 0.906033
4 0.585654 0.499118 0.059478 0.965902
1 0.688295 0.461659 0.059205 0.904898
2 0.934955 0.410130 0.047696 0.820259
1 0.288881 0.550493 0.056106 0.899014
2 0.342653 0.505426 0.044766 0.770644
11 0.529752 0.498510 0.052899 0.917863
9 0.630482 0.482897 0.038460 0.965794
4 0.446921 0.540369 0.061904 0.892056
9 0.980615 0.405915 0.033929 0.811831
16 0.484975 0.456142 0.027144 0.685090
9 0.387471 0.556394 0.043352 0.887212
4 0.232977 0.573682 0.061728 0.852635
16 0.896990 0.384773 0.031026 0.769546
16 0.831120 0.355070 0.032288 0.673621
16 0.140607 0.602438 0.032266 0.667354
12 0.446067 0.557655 0.064249 0.850069
12 0.233230 0.581372 0.061579 0.828997
