0 0.955921 0.822894 0.031163 0.339838
9 0.887022 0.346085 0.036324 0.643941
10 0.814809 0.399531 0.042379 0.588416
8 0.853828 0.372280 0.023828 0.614284
9 0.605451 0.471238 0.044307 0.629418
9 0.744115 0.446899 0.038370 0.632334
1 0.910129 0.863714 0.029327 0.272571
8 0.779554 0.409425 0.021131 0.587642
8 0.854047 0.375754 0.016468 0.628398
8 0.569037 0.496849 0.026191 0.674931
8 0.712646 0.443612 0.022328 0.631471
9 0.181779 0.593627 0.050251 0.757999
8 0.980451 0.292376 0.024898 0.570551
5 0.851577 0.861226 0.023208 0.262675
16 0.958133 0.373445 0.018655 0.439921
