5 0.849045 0.564158 0.038082 0.268121
1 0.770621 0.590339 0.053163 0.244828
11 0.405120 0.676855 0.032108 0.195681
5 0.249822 0.705343 0.039122 0.244543
2 0.640789 0.631336 0.038278 0.237221
9 0.290917 0.702680 0.037264 0.237010
1 0.683094 0.616124 0.034921 0.254975
14 0.324745 0.694210 0.031475 0.208796
2 0.514067 0.653583 0.033763 0.229972
16 0.616506 0.648096 0.014143 0.187883
9 0.552975 0.652829 0.043962 0.232444
3 0.887148 0.575541 0.036156 0.262645
7 0.589250 0.652503 0.031517 0.227064
1 0.487417 0.658621 0.023392 0.223396
10 0.448247 0.667357 0.052524 0.220178
16 0.382075 0.721816 0.014266 0.085496
11 0.144164 0.720392 0.027989 0.239853
9 0.361189 0.688930 0.042393 0.214611
9 0.440867 0.666169 0.034884 0.216665
10 0.722919 0.600281 0.041633 0.260687
16 0.612139 0.645258 0.016530 0.196671
7 0.810418 0.583665 0.030474 0.229367
