11 0.227741 0.722291 0.048874 0.145790
5 0.712840 0.399292 0.030064 0.130524
10 0.192483 0.740045 0.043094 0.150554
8 0.749394 0.368149 0.027730 0.118060
5 0.452472 0.608396 0.027760 0.110025
9 0.376260 0.651796 0.032636 0.136500
8 0.520078 0.566277 0.025262 0.124352
15 0.643520 0.474608 0.044249 0.138183
3 0.156668 0.756017 0.030797 0.155240
8 0.578231 0.521079 0.026949 0.117134
1 0.417036 0.632800 0.045786 0.109395
8 0.286406 0.697319 0.021751 0.162994
4 0.112138 0.769281 0.058710 0.156805
6 0.927977 0.230093 0.041518 0.114644
0 0.607066 0.496578 0.030836 0.132646
8 0.548906 0.544219 0.028708 0.126239
9 0.676985 0.434596 0.032171 0.123025
5 0.865722 0.263983 0.034997 0.120891
16 0.767871 0.344072 0.013152 0.059790
16 0.476906 0.608158 0.013957 0.060429
11 0.990006 0.170326 0.019858 0.115138
5 0.606373 0.499773 0.029273 0.123570
7 0.263632 0.704513 0.024186 0.161119
16 0.896524 0.255269 0.017921 0.073564
7 0.314493 0.665504 0.032491 0.100508
9 0.967308 0.196709 0.029947 0.108451
7 0.966832 0.195407 0.030166 0.109339
9 0.497313 0.581081 0.024287 0.120782
15 0.791481 0.329269 0.031596 0.117543
11 0.830110 0.297456 0.046602 0.112541
13 0.789486 0.326312 0.030636 0.114973
11 0.233675 0.715747 0.036065 0.151081
8 0.263222 0.704840 0.023117 0.159843
9 0.263843 0.702965 0.024758 0.162139
7 0.497218 0.581802 0.023601 0.119490
16 0.350310 0.660263 0.019259 0.082367
16 0.653822 0.438261 0.015091 0.055659
