11 0.806294 0.671261 0.022692 0.060234
1 0.990363 0.740862 0.018936 0.057673
2 0.247281 0.764754 0.018895 0.043528
5 0.295818 0.748155 0.018518 0.046131
8 0.588568 0.610785 0.011510 0.047478
4 0.439080 0.692718 0.021305 0.042989
15 0.607139 0.603099 0.021239 0.051248
9 0.330093 0.736013 0.016844 0.042234
1 0.781862 0.662375 0.022103 0.060874
8 0.231067 0.767515 0.010150 0.038716
2 0.573986 0.617121 0.015561 0.040335
4 0.271313 0.759107 0.021809 0.042910
8 0.313440 0.742153 0.014017 0.043130
8 0.417838 0.705056 0.021429 0.042480
8 0.382383 0.716438 0.012896 0.043473
13 0.916738 0.703963 0.026307 0.059285
10 0.942104 0.716554 0.019286 0.049698
8 0.689925 0.618183 0.010052 0.046236
4 0.670844 0.607564 0.024714 0.057374
9 0.313592 0.743992 0.013996 0.044516
7 0.480549 0.668333 0.018607 0.042539
16 0.746653 0.252295 0.039138 0.059909
9 0.534267 0.637382 0.015578 0.046389
8 0.559910 0.623889 0.013711 0.038994
8 0.548970 0.628243 0.014131 0.040010
8 0.367640 0.724450 0.016328 0.046406
4 0.348610 0.730326 0.021231 0.040948
6 0.633453 0.597047 0.020393 0.056418
5 0.969020 0.728715 0.020302 0.046871
9 0.462795 0.684376 0.019178 0.048745
6 0.606929 0.603404 0.020361 0.052522
1 0.894545 0.700219 0.019710 0.055752
4 0.215407 0.769943 0.018406 0.035625
8 0.825380 0.678628 0.010556 0.052855
