10 0.065310 0.652656 0.130619 0.172336
10 0.046380 0.486049 0.085623 0.137823
13 0.559327 0.573164 0.071979 0.134678
1 0.399467 0.556967 0.075375 0.136243
14 0.188924 0.511421 0.068144 0.132910
10 0.834663 0.601512 0.075167 0.133515
9 0.209419 0.921714 0.167507 0.156572
8 0.697923 0.598575 0.039596 0.130193
4 0.755444 0.605769 0.083243 0.141263
0 0.929893 0.577077 0.069414 0.154279
15 0.462167 0.571359 0.065342 0.131426
6 0.338421 0.543501 0.065685 0.135909
2 0.046659 0.489387 0.093317 0.154954
16 0.881204 0.598478 0.042609 0.120023
9 0.494465 0.097420 0.174822 0.194841
16 0.294998 0.536787 0.043944 0.111162
10 0.868169 0.094187 0.164267 0.187647
15 0.759911 0.605129 0.080436 0.125718
14 0.119905 0.500084 0.066883 0.131932
9 0.928763 0.582993 0.063183 0.145616
