2 0.919525 0.427577 0.044408 0.231083
2 0.561450 0.398734 0.049065 0.255684
1 0.349583 0.379014 0.060520 0.231050
2 0.050860 0.344379 0.047333 0.225467
9 0.510735 0.391723 0.047906 0.249375
1 0.860701 0.421023 0.062894 0.242046
15 0.277908 0.375393 0.074346 0.242356
16 0.397805 0.380091 0.033599 0.182794
4 0.795217 0.416837 0.055508 0.240515
16 0.191025 0.362778 0.035563 0.213036
8 0.092284 0.343574 0.026238 0.218890
0 0.449897 0.377605 0.063727 0.238465
2 0.739696 0.411346 0.046520 0.247158
1 0.617790 0.398885 0.050846 0.242041
15 0.143761 0.362200 0.062804 0.239528
5 0.449884 0.377149 0.062257 0.229227
4 0.977777 0.438024 0.044447 0.235548
16 0.705456 0.424215 0.023087 0.174046
4 0.674368 0.403081 0.048272 0.241351
