8 0.096774 0.525271 0.057725 0.119134
5 0.134975 0.476534 0.028862 0.122744
16 0.161290 0.465704 0.016978 0.086643
2 0.184211 0.442238 0.032258 0.119134
15 0.280985 0.411552 0.039049 0.115523
4 0.398981 0.355596 0.044143 0.126354
4 0.437182 0.351986 0.035654 0.126354
1 0.480475 0.341155 0.040747 0.126354
1 0.528862 0.337545 0.049236 0.119134
9 0.568761 0.341155 0.027165 0.133574
8 0.596774 0.355596 0.028862 0.104693
10 0.623939 0.371841 0.028862 0.108303
11 0.658744 0.393502 0.040747 0.122744
8 0.242784 0.416968 0.023769 0.097473