11 0.139000 0.701729 0.044000 0.072046
7 0.152000 0.618156 0.030000 0.100865
8 0.170500 0.597983 0.011000 0.118156
8 0.196500 0.579251 0.021000 0.126801
16 0.214500 0.592219 0.011000 0.089337
2 0.235500 0.572046 0.025000 0.135447
8 0.261000 0.561960 0.016000 0.126801
8 0.291000 0.563401 0.016000 0.112392
9 0.319500 0.556196 0.011000 0.121037
9 0.354000 0.554755 0.022000 0.112392
11 0.431500 0.528818 0.021000 0.112392
15 0.460000 0.521614 0.028000 0.121037
9 0.491000 0.512968 0.030000 0.144092
8 0.388000 0.541787 0.014000 0.121037
10 0.525000 0.502882 0.024000 0.123919
1 0.559000 0.504323 0.026000 0.132565
4 0.590500 0.501441 0.031000 0.109510
12 0.621500 0.485591 0.017000 0.118156
4 0.650500 0.488473 0.025000 0.129683
7 0.675000 0.482709 0.030000 0.118156
3 0.710000 0.472622 0.028000 0.149856
3 0.772500 0.452450 0.033000 0.121037