8 0.079148 0.535461 0.033486 0.134752
15 0.125571 0.524823 0.050228 0.141844
10 0.193303 0.510638 0.057839 0.134752
1 0.253425 0.496454 0.050228 0.141844
13 0.326484 0.492908 0.041096 0.148936
4 0.395738 0.500000 0.060883 0.134752
4 0.450533 0.491135 0.042618 0.131206
2 0.493912 0.494681 0.035008 0.173759
9 0.554033 0.507092 0.057839 0.177305
15 0.610350 0.498227 0.057839 0.166667
9 0.668950 0.500000 0.038052 0.170213
1 0.734399 0.466312 0.083714 0.131206
5 0.799087 0.476950 0.045662 0.159574
2 0.864536 0.448582 0.048706 0.166667