1 0.150332 0.617845 0.051495 0.151515
9 0.201827 0.609428 0.048173 0.148148
1 0.262458 0.601010 0.046512 0.124579
4 0.326412 0.592593 0.054817 0.141414
2 0.384551 0.585859 0.044850 0.121212
4 0.444352 0.589226 0.064784 0.121212
13 0.514950 0.584175 0.053156 0.138047
2 0.637043 0.582492 0.041528 0.148148
5 0.701827 0.570707 0.051495 0.144781
8 0.577243 0.582492 0.038206 0.134680
3 0.754983 0.570707 0.038206 0.138047
9 0.807309 0.569024 0.053156 0.148148
11 0.864618 0.562290 0.061462 0.148148
8 0.923588 0.550505 0.046512 0.151515