6 0.922465 0.755556 0.079523 0.388889
8 0.847913 0.755556 0.053678 0.344444
7 0.804175 0.763889 0.049702 0.316667
16 0.763419 0.808333 0.027833 0.227778
10 0.722664 0.761111 0.049702 0.322222
5 0.680915 0.763889 0.037773 0.316667
9 0.634195 0.758333 0.039761 0.338889
4 0.592445 0.744444 0.059642 0.288889
12 0.533797 0.747222 0.053678 0.316667
9 0.470179 0.738889 0.053678 0.333333
0 0.417495 0.744444 0.055666 0.300000
9 0.358847 0.722222 0.049702 0.333333
1 0.295229 0.741667 0.061630 0.394444
2 0.239563 0.716667 0.049702 0.322222
1 0.183897 0.711111 0.069583 0.355556
4 0.111332 0.725000 0.091451 0.372222
10 0.098410 0.277778 0.057654 0.255556
8 0.135189 0.277778 0.039761 0.266667
7 0.172962 0.313889 0.059642 0.227778
16 0.214712 0.319444 0.039761 0.250000
6 0.257455 0.336111 0.061630 0.272222
9 0.309145 0.316667 0.041750 0.266667
4 0.356859 0.302778 0.065606 0.283333
2 0.420477 0.330556 0.061630 0.283333
9 0.505964 0.325000 0.061630 0.272222
16 0.551690 0.327778 0.041750 0.255556
5 0.601392 0.336111 0.049702 0.272222
8 0.637177 0.330556 0.025845 0.283333
8 0.670974 0.316667 0.049702 0.288889
2 0.720676 0.330556 0.061630 0.294444
9 0.783300 0.352778 0.055666 0.316667
7 0.849901 0.358333 0.045726 0.327778
16 0.884692 0.347222 0.035785 0.305556
12 0.927435 0.308333 0.061630 0.283333