1 0.111399 0.504202 0.046632 0.159664
10 0.154793 0.464286 0.040155 0.180672
1 0.205959 0.462185 0.044041 0.168067
7 0.242876 0.462185 0.034974 0.168067
4 0.384715 0.464286 0.041451 0.180672
1 0.427461 0.462185 0.038860 0.184874
7 0.468912 0.464286 0.041451 0.197479
8 0.509067 0.462185 0.020725 0.201681
15 0.556995 0.468487 0.049223 0.197479
8 0.601036 0.447479 0.015544 0.172269
9 0.651554 0.443277 0.015544 0.172269
4 0.700777 0.443277 0.038860 0.180672
10 0.784326 0.449580 0.032383 0.151261
8 0.739637 0.441176 0.018135 0.176471
10 0.830311 0.460084 0.023316 0.172269
6 0.290155 0.464286 0.023316 0.180672
9 0.336140 0.464286 0.032383 0.180672