1 0.223537 0.470942 0.056040 0.168337
8 0.275218 0.472946 0.022416 0.164329
8 0.337484 0.465932 0.034869 0.158317
11 0.381071 0.466934 0.039851 0.160321
1 0.440224 0.471944 0.056040 0.154309
10 0.813823 0.376754 0.058531 0.172345
8 0.754047 0.393788 0.048568 0.142285
7 0.705479 0.418838 0.041096 0.156313
16 0.665629 0.427856 0.036115 0.098196
8 0.630760 0.433868 0.021171 0.154309
10 0.573474 0.448898 0.046077 0.168337
16 0.527397 0.453908 0.028643 0.114228
10 0.491905 0.459920 0.032379 0.154309
13 0.512453 0.316633 0.043587 0.092184
5 0.410336 0.331663 0.043587 0.094188
10 0.373599 0.329659 0.027397 0.090180
8 0.349315 0.323647 0.018680 0.094188
8 0.320050 0.323647 0.014944 0.090180
5 0.285803 0.323647 0.043587 0.086172
8 0.216065 0.322645 0.021171 0.100200
16 0.246575 0.319639 0.024907 0.066132