10 0.631200 0.416851 0.032117 0.156116
13 0.572615 0.407423 0.037567 0.179444
16 0.600121 0.424896 0.023131 0.132664
1 0.534131 0.411804 0.041663 0.162934
16 0.357709 0.382369 0.019514 0.136432
4 0.328874 0.355460 0.033160 0.185892
8 0.720290 0.413065 0.020287 0.142181
16 0.503208 0.407079 0.017181 0.136125
1 0.673124 0.414769 0.038834 0.154435
9 0.293019 0.337125 0.033848 0.180735
0 0.423847 0.383948 0.030009 0.174328
10 0.384840 0.383336 0.028827 0.176992
8 0.473808 0.401291 0.020082 0.158472
10 0.762671 0.400911 0.034398 0.145325
