7 0.049223 0.701149 0.039724 0.114943
5 0.089810 0.689655 0.041451 0.114943
4 0.129534 0.688218 0.044905 0.129310
16 0.167530 0.685345 0.017271 0.094828
3 0.192573 0.669540 0.029361 0.103448
5 0.231434 0.669540 0.034542 0.103448
16 0.261658 0.675287 0.036269 0.080460
7 0.291019 0.666667 0.022453 0.103448
4 0.343696 0.662356 0.072539 0.112069
8 0.397237 0.659483 0.020725 0.112069
7 0.436097 0.652299 0.036269 0.109195
5 0.481865 0.646552 0.041451 0.109195
9 0.513817 0.647989 0.032815 0.117816
4 0.566494 0.636494 0.048359 0.112069
16 0.602763 0.636494 0.020725 0.094828
3 0.634715 0.626437 0.043178 0.120690
5 0.689983 0.614943 0.036269 0.109195
16 0.726252 0.617816 0.029361 0.074713
7 0.771157 0.607759 0.036269 0.112069
9 0.823834 0.602011 0.031088 0.112069
10 0.880829 0.607759 0.034542 0.117816