8 0.920777 0.604286 0.035874 0.111429
12 0.880419 0.588571 0.035874 0.114286
8 0.837818 0.588571 0.019432 0.114286
8 0.798206 0.581429 0.017937 0.105714
8 0.750374 0.584286 0.053812 0.128571
8 0.700299 0.592857 0.022422 0.128571
16 0.663677 0.588571 0.035874 0.097143
4 0.615097 0.584286 0.049327 0.122857
8 0.564275 0.588571 0.028401 0.114286
11 0.512706 0.588571 0.041854 0.131429
0 0.465620 0.591429 0.040359 0.114286
0 0.407324 0.600000 0.013453 0.120000
0 0.365471 0.610000 0.022422 0.077143
9 0.334828 0.614286 0.029895 0.097143
7 0.282511 0.618571 0.026906 0.117143
8 0.239163 0.620000 0.017937 0.125714
8 0.198804 0.622857 0.026906 0.125714
8 0.154709 0.632857 0.028401 0.071429