10 0.350835 0.725534 0.114558 0.040495
8 0.379475 0.671541 0.119332 0.017998
1 0.397375 0.640045 0.131265 0.033746
2 0.427208 0.609674 0.109785 0.024747
3 0.441527 0.584364 0.119332 0.023622
1 0.483294 0.502812 0.121718 0.035996
4 0.501193 0.462880 0.114558 0.032621
2 0.533413 0.393138 0.107399 0.021372
8 0.545346 0.363330 0.107399 0.017998
5 0.558473 0.336895 0.109785 0.032621
7 0.575179 0.307649 0.109785 0.021372
7 0.348449 0.756468 0.109785 0.012373
13 0.464200 0.553431 0.112172 0.033746
13 0.353222 0.779528 0.105012 0.024747
1 0.436754 0.829021 0.071599 0.049494
4 0.497613 0.847582 0.069212 0.041620
8 0.554893 0.853206 0.035800 0.034871
15 0.616945 0.858268 0.097852 0.038245
15 0.607399 0.244657 0.093079 0.037120