4 0.567370 0.456475 0.037448 0.065315
4 0.394378 0.472072 0.038076 0.073987
3 0.442840 0.464700 0.032970 0.070227
2 0.482694 0.459124 0.035769 0.064386
8 0.765558 0.423354 0.018769 0.070596
8 0.884280 0.389653 0.022511 0.070542
2 0.737625 0.426602 0.031673 0.070838
4 0.255112 0.496078 0.037607 0.071908
8 0.656921 0.441291 0.019138 0.067101
8 0.907427 0.381733 0.023443 0.066864
2 0.182924 0.503476 0.033354 0.104589
7 0.690066 0.436426 0.026684 0.065679
1 0.522397 0.457892 0.039557 0.064151
10 0.626994 0.449269 0.040956 0.066521
8 0.288939 0.490793 0.014221 0.060348
15 0.134787 0.492826 0.040052 0.101179
15 0.796248 0.416592 0.031884 0.073627
9 0.931787 0.369868 0.023828 0.067292
1 0.795738 0.411671 0.032766 0.068315
