7 0.828722 0.379817 0.052701 0.047706
7 0.817523 0.416514 0.043478 0.033028
2 0.800395 0.450459 0.043478 0.034862
7 0.787220 0.487156 0.035573 0.045872
8 0.770751 0.517431 0.034256 0.022018
8 0.758893 0.549541 0.034256 0.038532
14 0.730567 0.598165 0.032938 0.051376
10 0.707510 0.627523 0.039526 0.033028
1 0.670619 0.671560 0.047431 0.047706
14 0.631752 0.690826 0.022398 0.049541
8 0.575758 0.708257 0.018445 0.044037
10 0.601449 0.700917 0.025033 0.036697
9 0.552701 0.708257 0.022398 0.040367
10 0.522398 0.695413 0.027668 0.033028
10 0.505929 0.684404 0.021080 0.033028
10 0.635046 0.512844 0.028986 0.067890
9 0.608696 0.507339 0.023715 0.049541
9 0.584321 0.511927 0.017128 0.051376
9 0.561265 0.515596 0.023715 0.044037
7 0.675231 0.573394 0.040843 0.027523
7 0.500000 0.588991 0.038208 0.047706
1 0.521080 0.567890 0.032938 0.038532
0 0.345850 0.653211 0.048748 0.047706
4 0.397892 0.659633 0.044796 0.045872
4 0.301054 0.629358 0.027668 0.055046
9 0.276021 0.599083 0.030303 0.053211
11 0.235837 0.549541 0.031621 0.049541
5 0.207510 0.496330 0.030303 0.038532
1 0.184453 0.459633 0.042161 0.049541