2 0.248918 0.534091 0.056277 0.090909
8 0.287879 0.542208 0.027417 0.081169
16 0.316739 0.548701 0.036075 0.074675
9 0.347042 0.547078 0.041847 0.103896
11 0.384560 0.556818 0.038961 0.103896
16 0.433622 0.560065 0.030303 0.071429
4 0.471140 0.561688 0.050505 0.100649
9 0.510101 0.558442 0.044733 0.100649
11 0.556277 0.553571 0.041847 0.103896
9 0.595238 0.550325 0.047619 0.097403
16 0.631313 0.554383 0.027417 0.092532
6 0.660173 0.556818 0.038961 0.097403
1 0.696248 0.556818 0.044733 0.097403
9 0.732323 0.551948 0.033189 0.100649
10 0.768398 0.545455 0.044733 0.094156