1 0.153516 0.365140 0.042882 0.104326
7 0.193825 0.421120 0.037736 0.109415
7 0.222127 0.450382 0.032590 0.081425
7 0.256432 0.492366 0.032590 0.094148
2 0.289022 0.519084 0.025729 0.096692
8 0.325043 0.538168 0.025729 0.078880
7 0.357633 0.572519 0.036021 0.091603
9 0.406518 0.617048 0.030875 0.078880
9 0.426244 0.625954 0.012007 0.045802
9 0.445969 0.645038 0.030875 0.089059
0 0.481990 0.660305 0.048027 0.078880
0 0.550600 0.690840 0.061750 0.099237
8 0.601201 0.701018 0.018868 0.104326
15 0.637221 0.694656 0.056604 0.091603
16 0.673242 0.681934 0.022298 0.055980
5 0.705832 0.671756 0.042882 0.111959
1 0.761578 0.661578 0.058319 0.101781
7 0.804460 0.617048 0.037736 0.129771
14 0.846484 0.577608 0.042882 0.122137