14 0.298485 0.107072 0.081818 0.022908
14 0.354545 0.122510 0.060606 0.015936
11 0.392424 0.138944 0.069697 0.020916
16 0.433333 0.153386 0.078788 0.013944
5 0.453030 0.172311 0.075758 0.017928
1 0.510606 0.192231 0.075758 0.023904
9 0.556061 0.222610 0.087879 0.016932
8 0.596970 0.247510 0.090909 0.016932
10 0.631818 0.271912 0.081818 0.023904
8 0.657576 0.293825 0.084848 0.009960
14 0.666667 0.321713 0.084848 0.019920
12 0.678788 0.348108 0.103030 0.020916
16 0.689394 0.365538 0.081818 0.013944
5 0.703030 0.387450 0.084848 0.025896
1 0.700000 0.414841 0.090909 0.022908
9 0.710606 0.439243 0.081818 0.013944
16 0.712121 0.452191 0.066667 0.007968
16 0.700000 0.469124 0.078788 0.017928
9 0.680303 0.491036 0.075758 0.019920
5 0.660606 0.511454 0.072727 0.022908
16 0.646970 0.532371 0.039394 0.012948
5 0.609091 0.534861 0.048485 0.023904
5 0.560606 0.554781 0.084848 0.019920
5 0.357576 0.454183 0.072727 0.015936
4 0.468182 0.396912 0.075758 0.036853
11 0.386364 0.391434 0.063636 0.037849
11 0.563636 0.422311 0.084848 0.023904
11 0.521212 0.412849 0.054545 0.016932
8 0.592424 0.446215 0.100000 0.007968
2 0.598485 0.465637 0.100000 0.012948
2 0.589394 0.477590 0.081818 0.012948
5 0.548485 0.502988 0.090909 0.021912
5 0.460606 0.507968 0.090909 0.037849
4 0.346970 0.475100 0.087879 0.017928
7 0.393939 0.499004 0.054545 0.021912
7 0.284848 0.628486 0.054545 0.033865
8 0.346970 0.621514 0.033333 0.021912
8 0.513636 0.578685 0.057576 0.017928
16 0.495455 0.585657 0.051515 0.015936
8 0.468182 0.593625 0.051515 0.019920