9 0.078382 0.551680 0.027813 0.100775
2 0.110619 0.534884 0.029077 0.093023
1 0.158660 0.509044 0.054362 0.103359
8 0.194690 0.507752 0.025284 0.090439
11 0.927307 0.475452 0.031606 0.093023
10 0.886220 0.468992 0.037927 0.095607
1 0.835651 0.471576 0.035398 0.100775
1 0.784450 0.472868 0.041719 0.098191
1 0.675095 0.466408 0.035398 0.095607
1 0.634640 0.466408 0.040455 0.121447
8 0.596081 0.466408 0.021492 0.095607
4 0.563843 0.475452 0.037927 0.108527
11 0.520228 0.475452 0.049305 0.108527
7 0.474716 0.480620 0.034134 0.108527
3 0.432364 0.484496 0.037927 0.111111
7 0.395702 0.487080 0.030341 0.090439
10 0.262958 0.488372 0.042984 0.093023
8 0.304046 0.490956 0.024020 0.098191