16 0.124553 0.486143 0.032181 0.177829
1 0.160310 0.481524 0.036949 0.191686
6 0.199046 0.487298 0.033373 0.193995
1 0.234207 0.490762 0.039333 0.191686
14 0.278308 0.487298 0.034565 0.184758
0 0.303933 0.497691 0.028605 0.196305
9 0.334327 0.500000 0.027414 0.191686
1 0.373063 0.504619 0.047676 0.196305
5 0.407628 0.503464 0.019070 0.184758
16 0.418355 0.521940 0.011919 0.124711
3 0.443385 0.516166 0.040524 0.196305
3 0.480930 0.521940 0.041716 0.184758
5 0.519070 0.517321 0.039333 0.189376
8 0.547080 0.524249 0.014303 0.203233
6 0.581049 0.533487 0.053635 0.193995
11 0.622169 0.532333 0.033373 0.177829
16 0.633492 0.566975 0.013111 0.108545
4 0.660310 0.548499 0.038141 0.196305
8 0.697855 0.556582 0.020262 0.184758
2 0.723480 0.565820 0.038141 0.180139
2 0.765197 0.573903 0.040524 0.200924
16 0.792610 0.588915 0.019070 0.124711
11 0.857569 0.595843 0.044100 0.184758