3 0.070144 0.552795 0.037170 0.211180
16 0.095923 0.563665 0.021583 0.177019
5 0.152278 0.562112 0.031175 0.211180
3 0.184053 0.580745 0.041966 0.211180
7 0.211631 0.574534 0.039568 0.211180
1 0.252398 0.569876 0.046763 0.232919
16 0.284772 0.572981 0.013189 0.183230
7 0.303357 0.582298 0.021583 0.208075
16 0.319544 0.565217 0.015588 0.167702
5 0.336930 0.588509 0.026379 0.226708
5 0.366307 0.586957 0.027578 0.223602
4 0.407674 0.590062 0.038369 0.229814
2 0.437050 0.591615 0.017986 0.214286
11 0.500000 0.607143 0.040767 0.220497
3 0.538969 0.618012 0.027578 0.229814
5 0.572542 0.621118 0.034772 0.229814
5 0.595324 0.635093 0.015588 0.208075
8 0.611511 0.641304 0.016787 0.208075
2 0.913669 0.645963 0.033573 0.204969
4 0.875899 0.638199 0.037170 0.195652
0 0.802758 0.631988 0.039568 0.232919
16 0.771583 0.647516 0.010791 0.139752
16 0.756595 0.628882 0.023981 0.220497
1 0.724820 0.627329 0.049161 0.229814
1 0.683453 0.627329 0.028777 0.229814
1 0.662470 0.627329 0.013189 0.217391
13 0.637890 0.619565 0.033573 0.239130
1 0.839329 0.630435 0.031175 0.204969