1 0.094075 0.600000 0.023909 0.190000
0 0.127339 0.588750 0.038462 0.197500
11 0.213098 0.582500 0.035343 0.200000
8 0.244283 0.585000 0.012474 0.185000
7 0.268191 0.585000 0.020790 0.190000
16 0.291580 0.601250 0.009356 0.147500
0 0.315489 0.573750 0.032225 0.182500
1 0.348233 0.583750 0.041580 0.197500
2 0.380977 0.587500 0.025988 0.190000
2 0.406965 0.591250 0.025988 0.192500
4 0.439189 0.595000 0.032225 0.205000
16 0.458420 0.582500 0.012474 0.125000
7 0.528586 0.622500 0.023909 0.190000
7 0.507796 0.610000 0.021830 0.185000
16 0.546258 0.628750 0.015593 0.147500
8 0.559771 0.626250 0.017672 0.167500
16 0.608108 0.648750 0.012474 0.142500
1 0.628898 0.632500 0.029106 0.185000
9 0.659563 0.630000 0.028067 0.190000
4 0.690229 0.635000 0.037422 0.185000
2 0.722973 0.630000 0.025988 0.190000
16 0.739605 0.633750 0.011435 0.142500
11 0.767672 0.638750 0.038462 0.207500
1 0.804054 0.648750 0.034304 0.197500
2 0.831601 0.653750 0.024948 0.192500
4 0.871102 0.647500 0.051975 0.205000