1 0.221356 0.400901 0.029618 0.201201
7 0.260717 0.411411 0.019486 0.180180
8 0.903741 0.587087 0.019486 0.207207
4 0.871785 0.555556 0.038192 0.204204
11 0.787997 0.531532 0.024942 0.180180
8 0.764224 0.527027 0.016368 0.189189
14 0.741231 0.512012 0.028059 0.195195
15 0.700701 0.516517 0.035853 0.216216
8 0.671473 0.516517 0.014809 0.204204
2 0.649649 0.510511 0.027280 0.204204
4 0.606781 0.512012 0.030398 0.195195
1 0.568200 0.500000 0.031177 0.195195
1 0.526111 0.490991 0.034295 0.195195
8 0.485970 0.469970 0.022603 0.201201
10 0.453235 0.481982 0.031956 0.213213
5 0.408418 0.447447 0.028059 0.198198
2 0.331255 0.436937 0.020265 0.219219