15 0.856227 0.656430 0.053114 0.149712
9 0.812271 0.648752 0.029304 0.134357
7 0.776099 0.648752 0.024725 0.138196
4 0.734432 0.640115 0.051282 0.140115
8 0.652473 0.625720 0.024725 0.130518
8 0.612637 0.613244 0.034799 0.124760
8 0.509615 0.600768 0.024725 0.122841
8 0.459249 0.599808 0.015568 0.128599
4 0.416209 0.605566 0.046703 0.113244
4 0.364927 0.586372 0.022894 0.124760
4 0.322802 0.576775 0.022894 0.094050
5 0.284341 0.585413 0.030220 0.130518
5 0.012363 0.535509 0.048535 0.145873
13 0.058608 0.555662 0.049451 0.159309
13 0.193223 0.577735 0.038462 0.153551
8 0.103022 0.562380 0.017399 0.142035