16 0.910681 0.525974 0.046041 0.137662
7 0.860958 0.520779 0.053407 0.163636
10 0.220074 0.519481 0.057090 0.166234
1 0.273481 0.511688 0.060773 0.135065
8 0.316759 0.509091 0.040516 0.150649
7 0.362799 0.507792 0.047882 0.132468
8 0.406998 0.494805 0.029466 0.132468
16 0.431860 0.502597 0.042357 0.122078
10 0.469613 0.497403 0.047882 0.127273
9 0.516575 0.500000 0.049724 0.132468
11 0.567219 0.489610 0.051565 0.137662
8 0.615101 0.488312 0.025783 0.135065
16 0.646409 0.492208 0.029466 0.116883
10 0.706262 0.505195 0.042357 0.142857
11 0.759669 0.503896 0.057090 0.140260
8 0.807551 0.501299 0.023941 0.150649