8 0.916831 0.536585 0.024606 0.105691
8 0.879429 0.543699 0.046260 0.119919
8 0.823819 0.551829 0.051181 0.128049
7 0.771654 0.564024 0.035433 0.123984
8 0.733268 0.574187 0.033465 0.123984
10 0.692421 0.578252 0.046260 0.123984
10 0.637303 0.590447 0.046260 0.119919
1 0.586122 0.598577 0.042323 0.128049
2 0.533465 0.602642 0.033465 0.128049
2 0.488681 0.616870 0.042323 0.119919
5 0.443406 0.609756 0.044291 0.142276
7 0.395669 0.627033 0.033465 0.128049
4 0.355807 0.633130 0.046260 0.132114
8 0.271161 0.637195 0.028543 0.123984
12 0.244094 0.650407 0.035433 0.138211
15 0.206693 0.662602 0.037402 0.138211
5 0.142717 0.664634 0.033465 0.113821