5 0.025224 0.454128 0.042311 0.188073
2 0.067535 0.410550 0.042311 0.137615
15 0.101709 0.395642 0.048820 0.149083
5 0.169243 0.400229 0.055330 0.167431
1 0.215216 0.399083 0.044752 0.155963
2 0.265663 0.407110 0.039870 0.181193
0 0.314483 0.423165 0.057771 0.190367
0 0.356794 0.439220 0.039870 0.194954
10 0.402360 0.450688 0.046379 0.181193
11 0.446705 0.465596 0.037429 0.151376
15 0.527665 0.475917 0.039870 0.194954
10 0.570382 0.494266 0.035801 0.144495
1 0.611880 0.490826 0.048820 0.151376
7 0.657038 0.494266 0.028478 0.144495
14 0.710740 0.504587 0.033360 0.151376
11 0.777055 0.496560 0.037429 0.162844
8 0.739626 0.501147 0.024410 0.181193
4 0.835232 0.487385 0.051261 0.181193
8 0.873881 0.525229 0.035801 0.155963
11 0.902360 0.524083 0.043938 0.181193
9 0.941009 0.516055 0.033360 0.174312