10 0.058773 0.437158 0.039182 0.142077
2 0.103066 0.441257 0.042589 0.150273
8 0.149063 0.459016 0.035775 0.125683
16 0.178024 0.454918 0.035775 0.095628
10 0.236797 0.474044 0.061329 0.128415
11 0.300681 0.474044 0.069847 0.128415
8 0.360307 0.491803 0.045997 0.142077
7 0.413969 0.504098 0.064736 0.139344
7 0.483816 0.521858 0.051107 0.142077
7 0.527257 0.536885 0.039182 0.117486
10 0.576661 0.538251 0.049404 0.109290
10 0.626065 0.551913 0.032368 0.114754
8 0.678024 0.583333 0.037479 0.101093
0 0.741056 0.603825 0.078365 0.131148
11 0.808348 0.614754 0.052811 0.103825
11 0.859455 0.662568 0.080068 0.133880