9 0.091946 0.520312 0.033557 0.109375
5 0.130872 0.525000 0.030872 0.106250
1 0.170470 0.515625 0.037584 0.093750
9 0.204027 0.517188 0.024161 0.090625
8 0.232886 0.512500 0.014765 0.087500
11 0.285906 0.509375 0.042953 0.100000
6 0.355034 0.518750 0.036242 0.100000
6 0.400000 0.518750 0.026846 0.100000
10 0.433557 0.523438 0.029530 0.096875
11 0.472483 0.523438 0.037584 0.103125
9 0.512081 0.540625 0.038926 0.093750
8 0.551007 0.546875 0.017450 0.112500
7 0.587919 0.554688 0.037584 0.103125
2 0.640940 0.581250 0.028188 0.112500
9 0.672483 0.585938 0.026846 0.109375
9 0.717450 0.606250 0.030872 0.112500
1 0.755034 0.623437 0.030872 0.115625
11 0.801342 0.648438 0.021477 0.096875
13 0.841611 0.657813 0.032215 0.084375
10 0.881879 0.684375 0.018792 0.087500