1 0.088757 0.572485 0.062130 0.103550
10 0.164941 0.535503 0.045858 0.076923
11 0.208580 0.511834 0.032544 0.088757
11 0.281805 0.492604 0.019231 0.091716
7 0.313609 0.479290 0.023669 0.082840
9 0.247041 0.513314 0.029586 0.121302
16 0.340976 0.468935 0.022189 0.073964
16 0.370562 0.457101 0.031065 0.085799
1 0.420118 0.440828 0.047337 0.088757
5 0.462278 0.418639 0.031065 0.115385
16 0.494083 0.415680 0.014793 0.079882
9 0.937870 0.362426 0.026627 0.068047
5 0.897189 0.375740 0.042899 0.076923
5 0.852811 0.369822 0.019231 0.076923
5 0.832840 0.365385 0.020710 0.073964
9 0.804734 0.381657 0.023669 0.088757
9 0.750000 0.384615 0.041420 0.088757
16 0.727071 0.384615 0.013314 0.076923
9 0.697485 0.384615 0.025148 0.094675
0 0.653107 0.396450 0.045858 0.100592
9 0.603550 0.402367 0.029586 0.100592
11 0.565828 0.399408 0.039941 0.100592
10 0.528846 0.408284 0.045858 0.100592