10 0.779442 0.416558 0.036157 0.097784
9 0.746901 0.413299 0.026860 0.091265
11 0.714360 0.413299 0.038223 0.099087
1 0.674587 0.421773 0.039256 0.097784
16 0.645145 0.416558 0.021694 0.076923
11 0.628099 0.429596 0.030992 0.095176
4 0.594525 0.426336 0.036157 0.096480
8 0.572314 0.425033 0.018595 0.088657
5 0.546488 0.419166 0.028926 0.089961
9 0.524793 0.417210 0.028926 0.093872
15 0.497934 0.414602 0.028926 0.099087
16 0.478306 0.422425 0.012397 0.080834
8 0.461777 0.413950 0.020661 0.095176
0 0.435950 0.421121 0.037190 0.104302
11 0.400310 0.415254 0.029959 0.097784
8 0.374483 0.412647 0.021694 0.079531
16 0.342975 0.407432 0.016529 0.071708
10 0.319731 0.406128 0.034091 0.082138
8 0.297004 0.415254 0.021694 0.089961
7 0.278926 0.411995 0.022727 0.086050
12 0.246901 0.407432 0.024793 0.092568
4 0.220041 0.407432 0.028926 0.087353
1 0.191116 0.411343 0.030992 0.087353
2 0.160124 0.412647 0.028926 0.082138
14 0.128616 0.408083 0.032025 0.091265
10 0.121384 0.526728 0.042355 0.117340
11 0.166322 0.522164 0.039256 0.108214
4 0.195764 0.529987 0.034091 0.105606
16 0.227789 0.522816 0.019628 0.096480
12 0.285640 0.540417 0.034091 0.126467
8 0.311983 0.537158 0.026860 0.112125
9 0.332645 0.537810 0.028926 0.108214
12 0.367769 0.532595 0.041322 0.110821
15 0.788223 0.556063 0.045455 0.110821
13 0.699380 0.551499 0.020661 0.109518
16 0.717975 0.565189 0.016529 0.071708
2 0.736054 0.554107 0.023760 0.088657
8 0.757231 0.550196 0.012397 0.096480
1 0.675620 0.550196 0.030992 0.099087
16 0.652893 0.557366 0.012397 0.100391
8 0.642045 0.549544 0.011364 0.089961
1 0.619835 0.550847 0.028926 0.092568
4 0.587293 0.544980 0.038223 0.096480
7 0.556818 0.548892 0.022727 0.099087
8 0.537707 0.543677 0.013430 0.104302
2 0.517562 0.539113 0.022727 0.116037