1 0.060960 0.749455 0.038911 0.043573
4 0.099222 0.713508 0.035019 0.054466
9 0.133593 0.685185 0.018158 0.058824
15 0.159533 0.661220 0.028534 0.037037
8 0.196498 0.631808 0.016861 0.034858
5 0.231518 0.607843 0.019455 0.043573
9 0.258755 0.583878 0.022049 0.056645
1 0.295720 0.568627 0.036316 0.052288
13 0.326848 0.564270 0.025940 0.061002
13 0.364462 0.565359 0.020752 0.058824
10 0.391051 0.575163 0.024643 0.065359
9 0.416342 0.588235 0.028534 0.061002
8 0.438392 0.600218 0.015564 0.063181
3 0.456550 0.600218 0.018158 0.058824
10 0.504540 0.561002 0.025940 0.067538
10 0.490272 0.577342 0.018158 0.052288
7 0.527886 0.545752 0.028534 0.050109
10 0.565499 0.489107 0.033722 0.037037
11 0.595979 0.456427 0.029831 0.045752
8 0.624514 0.441176 0.019455 0.045752
8 0.660182 0.428105 0.033722 0.037037
11 0.686770 0.413943 0.029831 0.043573
2 0.851492 0.301743 0.029831 0.063181
8 0.733463 0.384532 0.022049 0.041394
7 0.712711 0.397603 0.016861 0.054466
9 0.760700 0.359477 0.024643 0.052288
9 0.783398 0.338780 0.025940 0.037037
9 0.811284 0.324619 0.022049 0.052288