10 0.229499 0.642287 0.054313 0.087766
10 0.293397 0.535904 0.037274 0.125000
10 0.319489 0.523936 0.010650 0.127660
9 0.346645 0.515957 0.020234 0.127660
9 0.373269 0.509309 0.026624 0.130319
9 0.397764 0.513298 0.020234 0.117021
2 0.429712 0.505319 0.022364 0.111702
8 0.453142 0.497340 0.013845 0.117021
7 0.473376 0.500000 0.015974 0.132979
10 0.498403 0.489362 0.029819 0.117021
9 0.531949 0.496011 0.020234 0.125000
9 0.864750 0.605053 0.034079 0.109043
1 0.832801 0.549202 0.027689 0.093085
9 0.801917 0.519947 0.021299 0.103723
6 0.771033 0.502660 0.023429 0.101064
7 0.739084 0.503989 0.019169 0.119681
8 0.718317 0.500000 0.013845 0.111702
10 0.693823 0.494681 0.026624 0.101064
7 0.657082 0.486702 0.023429 0.090426
1 0.630458 0.492021 0.025559 0.106383
1 0.600106 0.492021 0.026624 0.111702
11 0.556976 0.490691 0.019169 0.119681