0 0.116528 0.541147 0.038050 0.149626
1 0.171819 0.532419 0.046373 0.107232
4 0.222354 0.547382 0.038050 0.107232
1 0.277646 0.559850 0.041617 0.112219
11 0.322235 0.559850 0.033294 0.112219
4 0.364447 0.563591 0.046373 0.129676
8 0.400119 0.554863 0.020214 0.122195
5 0.434007 0.554863 0.038050 0.122195
8 0.457194 0.558603 0.017836 0.109726
14 0.486326 0.548628 0.035672 0.109726
14 0.519025 0.549875 0.029727 0.117207
0 0.564804 0.543641 0.038050 0.119701
7 0.631986 0.563591 0.034483 0.114713
4 0.664685 0.622195 0.042806 0.097257
8 0.693817 0.682045 0.043995 0.067332