6 0.150685 0.396552 0.044257 0.168103
6 0.186512 0.394397 0.029505 0.150862
5 0.217071 0.392241 0.040042 0.150862
1 0.268704 0.386853 0.056902 0.140086
7 0.315068 0.383621 0.037935 0.146552
7 0.399895 0.373922 0.049526 0.140086
8 0.430980 0.375000 0.027397 0.129310
4 0.471022 0.369612 0.040042 0.127155
2 0.502107 0.369612 0.020021 0.122845
8 0.535300 0.363147 0.021075 0.118534
1 0.673867 0.367457 0.047418 0.135776
4 0.628556 0.371767 0.038988 0.135776
12 0.593256 0.373922 0.025290 0.131466
10 0.838778 0.353448 0.037935 0.133621
9 0.795047 0.352371 0.036881 0.144397
2 0.757113 0.365302 0.036881 0.131466