10 0.652077 0.512626 0.028190 0.116162
16 0.678042 0.508838 0.020772 0.098485
9 0.631306 0.516414 0.025223 0.103535
15 0.604599 0.516414 0.028190 0.103535
16 0.586053 0.513889 0.020772 0.088384
16 0.546736 0.513889 0.022255 0.103535
10 0.522997 0.516414 0.028190 0.098485
16 0.502226 0.503788 0.013353 0.083333
6 0.479970 0.508838 0.031157 0.098485
8 0.454748 0.515152 0.013353 0.101010
13 0.435460 0.515152 0.031157 0.111111
16 0.414688 0.505051 0.016320 0.080808
2 0.389466 0.506313 0.031157 0.103535
8 0.364985 0.508838 0.023739 0.098485
5 0.339763 0.512626 0.038576 0.106061
8 0.314540 0.516414 0.020772 0.103535
16 0.298961 0.501263 0.016320 0.078283
11 0.272255 0.512626 0.031157 0.111111
1 0.231454 0.518939 0.044510 0.108586
5 0.197329 0.516414 0.029674 0.113636
9 0.172107 0.518939 0.026706 0.103535
7 0.138724 0.522727 0.031157 0.101010
8 0.115727 0.522727 0.011869 0.090909
10 0.144659 0.414141 0.028190 0.070707
5 0.169139 0.392677 0.017804 0.103535
9 0.192136 0.388889 0.025223 0.106061
14 0.218101 0.381313 0.017804 0.111111
14 0.248516 0.380051 0.022255 0.113636
11 0.275964 0.382576 0.032641 0.103535
9 0.303412 0.380051 0.022255 0.103535
11 0.330119 0.376263 0.031157 0.101010
3 0.359050 0.377525 0.020772 0.103535
16 0.375371 0.376263 0.011869 0.095960
10 0.391691 0.375000 0.023739 0.088384
11 0.419139 0.380051 0.028190 0.088384
9 0.457715 0.381313 0.025223 0.095960
16 0.474036 0.380051 0.013353 0.083333
3 0.493323 0.378788 0.022255 0.090909
3 0.509644 0.387626 0.016320 0.093434
12 0.528932 0.382576 0.028190 0.093434
8 0.551187 0.383838 0.019288 0.080808
9 0.568991 0.387626 0.022255 0.093434
4 0.595697 0.383838 0.031157 0.095960
5 0.627596 0.377525 0.029674 0.078283
8 0.646884 0.387626 0.011869 0.088384
16 0.666172 0.385101 0.014837 0.063131