11 0.330144 0.318072 0.038278 0.168675
4 0.374801 0.339759 0.035088 0.173494
1 0.413477 0.331325 0.027911 0.156627
11 0.444179 0.316867 0.025518 0.185542
8 0.464514 0.326506 0.016746 0.175904
7 0.484051 0.318072 0.023923 0.168675
7 0.523525 0.313253 0.029506 0.183133
9 0.546651 0.308434 0.015152 0.183133
15 0.578150 0.331325 0.033493 0.195181
5 0.613636 0.333735 0.032695 0.209639
11 0.643939 0.322892 0.024721 0.192771
11 0.673046 0.333735 0.030303 0.195181
9 0.720893 0.336145 0.020734 0.185542
9 0.749203 0.342169 0.015152 0.187952
5 0.775917 0.345783 0.025518 0.195181
8 0.800239 0.349398 0.016746 0.183133
13 0.830941 0.348193 0.025518 0.185542
11 0.863636 0.334940 0.033493 0.202410
1 0.891946 0.318072 0.029506 0.120482
1 0.923445 0.298795 0.028708 0.163855