1 0.445831 0.304676 0.034654 0.160733
15 0.586194 0.300590 0.037561 0.165583
7 0.476728 0.295147 0.027077 0.154583
9 0.556961 0.294506 0.025595 0.156198
5 0.161474 0.284542 0.022893 0.161779
1 0.129793 0.285168 0.036662 0.163069
7 0.751347 0.290699 0.033560 0.166509
9 0.185544 0.290537 0.025654 0.159046
10 0.524565 0.299274 0.034238 0.163086
6 0.628478 0.289891 0.023403 0.163273
5 0.225723 0.285317 0.024533 0.179534
1 0.660841 0.291251 0.034398 0.169825
10 0.208523 0.515657 0.033337 0.177493
16 0.498865 0.297306 0.017155 0.131024
1 0.255153 0.283789 0.028963 0.163625
4 0.288216 0.277950 0.024521 0.174341
16 0.204119 0.289759 0.012875 0.139095
14 0.694135 0.286928 0.024083 0.163035
10 0.403420 0.297089 0.036561 0.164392
16 0.614468 0.311128 0.014895 0.090093
16 0.608072 0.282382 0.015221 0.116938
16 0.612941 0.288529 0.014820 0.129451
9 0.718194 0.294408 0.029222 0.181681
7 0.338286 0.507400 0.025750 0.166650
11 0.089418 0.289709 0.032811 0.172803
