10 0.250929 0.746575 0.035936 0.269406
10 0.286245 0.742009 0.029740 0.269406
9 0.318463 0.762557 0.029740 0.283105
1 0.348823 0.757991 0.033457 0.283105
11 0.381660 0.744292 0.034696 0.273973
4 0.417596 0.760274 0.034696 0.296804
4 0.467782 0.742009 0.033457 0.287671
8 0.494424 0.737443 0.014870 0.287671
8 0.555143 0.732877 0.032218 0.287671
2 0.582404 0.728311 0.024783 0.296804
8 0.606568 0.716895 0.016109 0.264840
10 0.644362 0.694064 0.029740 0.328767
11 0.674721 0.716895 0.026022 0.292237
8 0.694548 0.721461 0.013631 0.264840
7 0.715613 0.723744 0.023544 0.305936
2 0.751549 0.721461 0.030979 0.310502
2 0.777571 0.726027 0.023544 0.283105
10 0.820322 0.744292 0.027261 0.356164