0 0.104678 0.546642 0.054971 0.190299
11 0.143860 0.554104 0.042105 0.190299
8 0.167251 0.542910 0.016374 0.182836
15 0.194152 0.550373 0.032749 0.182836
9 0.229240 0.554104 0.032749 0.197761
8 0.259064 0.546642 0.022222 0.182836
4 0.289474 0.550373 0.033918 0.205224
1 0.319883 0.552239 0.029240 0.186567
1 0.345614 0.559701 0.015205 0.171642
1 0.367836 0.550373 0.026901 0.197761
4 0.403509 0.550373 0.037427 0.205224
4 0.436842 0.548507 0.026901 0.208955
1 0.467836 0.541045 0.028070 0.216418
1 0.502339 0.542910 0.036257 0.205224
1 0.529825 0.537313 0.016374 0.171642
10 0.555556 0.531716 0.035088 0.167910
8 0.584795 0.531716 0.011696 0.205224
7 0.612281 0.526119 0.031579 0.208955
7 0.642690 0.535448 0.015205 0.190299
7 0.670175 0.535448 0.030409 0.197761