10 0.277193 0.480328 0.030409 0.186885
9 0.305263 0.478689 0.025731 0.163934
15 0.331579 0.477049 0.031579 0.140984
15 0.367251 0.486885 0.030409 0.134426
15 0.388889 0.480328 0.019883 0.127869
10 0.418129 0.491803 0.038596 0.131148
10 0.464327 0.491803 0.042105 0.144262
10 0.496491 0.495082 0.019883 0.137705
10 0.520468 0.498361 0.030409 0.137705
16 0.541520 0.493443 0.016374 0.088525
2 0.563743 0.488525 0.028070 0.157377
2 0.586550 0.486885 0.012865 0.147541
5 0.613450 0.488525 0.031579 0.157377
8 0.640351 0.483607 0.015205 0.160656
16 0.657310 0.478689 0.014035 0.118033
11 0.685380 0.473770 0.032749 0.160656
11 0.720468 0.472131 0.030409 0.150820
11 0.752632 0.462295 0.029240 0.157377
11 0.778947 0.459016 0.032749 0.157377
11 0.800585 0.462295 0.017544 0.131148
7 0.815789 0.463934 0.024561 0.160656