8 0.742015 0.413551 0.024570 0.219626
5 0.716216 0.408879 0.022113 0.191589
4 0.686732 0.399533 0.036855 0.200935
9 0.652948 0.394860 0.028256 0.228972
8 0.627764 0.404206 0.017199 0.228972
12 0.600737 0.397196 0.031941 0.233645
16 0.579238 0.408879 0.015971 0.219626
3 0.556511 0.406542 0.022113 0.214953
16 0.536855 0.418224 0.014742 0.182243
3 0.520885 0.397196 0.022113 0.214953
8 0.500614 0.397196 0.018428 0.214953
11 0.473587 0.390187 0.025799 0.238318
10 0.447174 0.397196 0.022113 0.233645
16 0.423833 0.408879 0.012285 0.135514
16 0.404177 0.387850 0.019656 0.233645
9 0.354423 0.406542 0.020885 0.271028
11 0.329238 0.406542 0.027027 0.252336
10 0.302211 0.408879 0.024570 0.238318
16 0.280098 0.425234 0.017199 0.196262
14 0.259828 0.425234 0.023342 0.242991
14 0.179361 0.425234 0.029484 0.205607
5 0.212531 0.425234 0.027027 0.214953