16 0.960619 0.585227 0.022504 0.147727
7 0.922644 0.563920 0.042194 0.156250
7 0.886779 0.541193 0.023910 0.150568
11 0.833333 0.536932 0.054852 0.142045
10 0.782700 0.544034 0.057665 0.161932
16 0.738397 0.542614 0.030942 0.125000
8 0.707454 0.544034 0.028129 0.161932
11 0.654712 0.536932 0.057665 0.147727
9 0.602672 0.524148 0.029536 0.139205
10 0.561885 0.524148 0.077356 0.150568
16 0.509142 0.531250 0.028129 0.119318
16 0.463432 0.515625 0.043601 0.150568
14 0.417018 0.500000 0.037975 0.164773
1 0.379044 0.512784 0.046414 0.161932
11 0.331224 0.512784 0.035162 0.161932
16 0.303797 0.515625 0.022504 0.093750