3 0.759720 0.581693 0.032659 0.100394
16 0.786936 0.583661 0.027994 0.096457
10 0.723173 0.586614 0.043546 0.086614
5 0.681960 0.583661 0.035770 0.104331
9 0.652411 0.583661 0.032659 0.104331
1 0.619751 0.584646 0.029549 0.106299
11 0.584759 0.584646 0.037325 0.110236
14 0.547434 0.585630 0.037325 0.100394
16 0.517885 0.576772 0.021773 0.074803
4 0.493779 0.582677 0.029549 0.086614
8 0.460342 0.583661 0.024883 0.088583
10 0.435459 0.585630 0.034215 0.092520
11 0.398911 0.587598 0.032659 0.100394
2 0.367030 0.584646 0.031104 0.102362
8 0.340591 0.591535 0.021773 0.104331
16 0.325039 0.579724 0.018663 0.072835
10 0.304044 0.580709 0.035770 0.082677
11 0.269829 0.590551 0.035770 0.102362
8 0.245723 0.592520 0.021773 0.102362
7 0.228616 0.588583 0.024883 0.102362
16 0.209176 0.583661 0.020218 0.084646
2 0.191291 0.585630 0.024883 0.096457
9 0.164852 0.590551 0.018663 0.102362
7 0.140747 0.593504 0.029549 0.104331
7 0.111975 0.478346 0.018663 0.078740
0 0.139969 0.474409 0.037325 0.082677
11 0.178849 0.473425 0.034215 0.088583
11 0.202177 0.473425 0.015552 0.080709
15 0.223173 0.474409 0.023328 0.082677
16 0.239502 0.470472 0.018663 0.059055
9 0.262053 0.473425 0.023328 0.096457
8 0.283048 0.471457 0.018663 0.088583
4 0.314152 0.469488 0.034215 0.088583
1 0.350700 0.469488 0.035770 0.092520
16 0.374806 0.475394 0.018663 0.096457
12 0.402799 0.472441 0.037325 0.090551
4 0.440902 0.469488 0.041991 0.092520
4 0.476672 0.466535 0.029549 0.094488
1 0.509331 0.465551 0.029549 0.100394
4 0.542768 0.463583 0.037325 0.096457
16 0.569984 0.462598 0.017107 0.086614
10 0.595645 0.472441 0.037325 0.098425
8 0.623639 0.474409 0.021773 0.098425
7 0.649300 0.471457 0.023328 0.096457
16 0.669518 0.479331 0.017107 0.084646
8 0.685070 0.475394 0.020218 0.088583
9 0.703733 0.474409 0.032659 0.094488
7 0.754277 0.469488 0.024883 0.064961