5 0.065468 0.469095 0.050360 0.227373
5 0.124460 0.452539 0.053237 0.242826
8 0.160432 0.443709 0.033094 0.189845
10 0.211511 0.413907 0.046043 0.205298
11 0.251799 0.422737 0.046043 0.218543
14 0.417266 0.364238 0.046043 0.189845
14 0.328058 0.417219 0.040288 0.176600
8 0.285612 0.373068 0.030216 0.167770
8 0.455396 0.377483 0.021583 0.207506
11 0.490647 0.354305 0.043165 0.231788
1 0.583453 0.341060 0.044604 0.222958
8 0.620863 0.322296 0.027338 0.150110
8 0.648921 0.339956 0.034532 0.233996
8 0.685612 0.314570 0.035971 0.152318
4 0.820144 0.259382 0.031655 0.147903
8 0.791367 0.274834 0.017266 0.130243
8 0.751079 0.280353 0.037410 0.154525