8 0.048872 0.793939 0.052632 0.157576
8 0.200501 0.654545 0.035088 0.145455
5 0.154135 0.678788 0.042607 0.157576
5 0.254386 0.636364 0.047619 0.145455
5 0.314536 0.600000 0.027569 0.133333
0 0.358396 0.584848 0.040100 0.163636
11 0.409774 0.560606 0.057644 0.163636
15 0.472431 0.536364 0.047619 0.163636
15 0.626566 0.463636 0.040100 0.151515
8 0.938596 0.400000 0.017544 0.133333
1 0.897243 0.390909 0.045113 0.175758
5 0.819549 0.418182 0.035088 0.157576
8 0.779449 0.436364 0.030075 0.157576
7 0.677945 0.442424 0.037594 0.157576
8 0.719298 0.436364 0.030075 0.157576
10 0.556391 0.493939 0.035088 0.151515