7 0.271429 0.581140 0.028571 0.092105
4 0.310204 0.565789 0.032653 0.087719
0 0.347959 0.543860 0.038776 0.114035
8 0.388776 0.535088 0.026531 0.078947
8 0.443878 0.526316 0.018367 0.078947
8 0.474490 0.521930 0.034694 0.087719
2 0.515306 0.521930 0.026531 0.096491
8 0.547959 0.517544 0.034694 0.105263
4 0.617347 0.510965 0.042857 0.100877
4 0.580612 0.517544 0.018367 0.087719
12 0.683673 0.493421 0.024490 0.109649
8 0.719388 0.486842 0.026531 0.096491
2 0.754082 0.482456 0.022449 0.096491
4 0.785714 0.478070 0.028571 0.096491
5 0.828571 0.480263 0.032653 0.092105
5 0.891837 0.480263 0.044898 0.092105
7 0.854082 0.480263 0.022449 0.092105
8 0.920408 0.475877 0.016327 0.092105
8 0.937755 0.486842 0.010204 0.105263
6 0.963265 0.504386 0.040816 0.078947