0 0.171123 0.538806 0.023173 0.110448
9 0.140374 0.532836 0.025847 0.098507
8 0.088235 0.520896 0.016043 0.104478
11 0.205882 0.553731 0.021390 0.122388
8 0.223262 0.553731 0.013369 0.104478
4 0.244652 0.558209 0.027629 0.125373
4 0.261141 0.552239 0.012478 0.089552
0 0.290998 0.568657 0.027629 0.116418
2 0.329323 0.570149 0.016934 0.107463
1 0.357843 0.577612 0.022282 0.110448
1 0.385472 0.583582 0.020499 0.110448
16 0.400624 0.580597 0.011586 0.086567
10 0.421123 0.582090 0.025847 0.095522
8 0.450089 0.583582 0.016043 0.110448
7 0.471480 0.583582 0.023173 0.092537
16 0.490642 0.586567 0.015152 0.080597
5 0.537433 0.595522 0.019608 0.122388
16 0.557932 0.589552 0.010695 0.086567
10 0.578877 0.595522 0.025847 0.122388
8 0.605615 0.597015 0.015152 0.107463
6 0.635472 0.597015 0.026738 0.113433
12 0.669340 0.594030 0.026738 0.131343
12 0.702763 0.579104 0.020499 0.119403
7 0.927362 0.570149 0.029412 0.131343
3 0.895722 0.588060 0.016043 0.131343
6 0.875223 0.580597 0.028520 0.134328
4 0.836007 0.583582 0.026738 0.122388
13 0.768717 0.585075 0.032977 0.119403
2 0.805704 0.586567 0.019608 0.116418