0 0.391743 0.538899 0.049832 0.173196
4 0.547952 0.535083 0.062177 0.185788
0 0.272312 0.540854 0.056151 0.183951
10 0.462561 0.534550 0.051189 0.170415
1 0.158200 0.544405 0.051751 0.174260
14 0.214483 0.540392 0.044917 0.180527
11 0.083323 0.562710 0.048300 0.178938
8 0.882312 0.543571 0.027919 0.148706
9 0.686563 0.547270 0.032916 0.182196
16 0.582932 0.539968 0.015850 0.110976
16 0.796965 0.562560 0.021693 0.105398
0 0.619595 0.538500 0.047242 0.173320
16 0.423258 0.560807 0.019460 0.102367
16 0.499846 0.545670 0.018237 0.096250
5 0.618718 0.537956 0.046794 0.172531
4 0.341577 0.549087 0.036010 0.188112
4 0.332282 0.547656 0.057566 0.194578
11 0.092175 0.561394 0.031461 0.172832
1 0.463399 0.536855 0.051488 0.167824
8 0.724404 0.550664 0.023556 0.177943
11 0.929498 0.540475 0.049691 0.139563
14 0.831440 0.543168 0.038428 0.161123
10 0.315691 0.541880 0.025534 0.185071
