16 0.202970 0.552703 0.024752 0.256757
16 0.246906 0.540541 0.058168 0.286486
16 0.301980 0.531081 0.059406 0.310811
16 0.357673 0.536486 0.064356 0.262162
8 0.399752 0.548649 0.019802 0.275676
15 0.427599 0.564865 0.058168 0.281081
15 0.461015 0.541892 0.030941 0.202703
15 0.498144 0.571622 0.055693 0.272973
8 0.538366 0.571622 0.044554 0.256757
10 0.592822 0.566216 0.064356 0.272973
2 0.643564 0.579730 0.059406 0.262162
2 0.686262 0.582432 0.021040 0.267568
16 0.714109 0.601351 0.039604 0.224324
16 0.753094 0.606757 0.055693 0.267568
11 0.805693 0.593243 0.051980 0.251351
11 0.832302 0.621622 0.035891 0.237838
11 0.871906 0.641892 0.055693 0.213514