8 0.069494 0.733254 0.068316 0.169856
5 0.124264 0.671053 0.057715 0.270335
1 0.180801 0.637560 0.064782 0.241627
2 0.235571 0.617225 0.058893 0.253589
9 0.310954 0.577751 0.032980 0.255981
9 0.363958 0.552632 0.049470 0.277512
15 0.411661 0.546651 0.062426 0.265550
14 0.455830 0.532297 0.040047 0.284689
14 0.492344 0.521531 0.028269 0.267943
14 0.525913 0.501196 0.038869 0.265550
16 0.575972 0.480861 0.021201 0.205742
8 0.628975 0.492823 0.018846 0.267943
7 0.659600 0.479665 0.030624 0.241627
16 0.682568 0.497608 0.022379 0.205742
6 0.704358 0.465311 0.040047 0.203349
9 0.739105 0.454545 0.022379 0.239234
4 0.773852 0.444976 0.044759 0.248804
2 0.822733 0.443780 0.043581 0.260766