16 0.238693 0.572464 0.035176 0.090580
3 0.279732 0.574275 0.046901 0.086957
10 0.319933 0.562500 0.040201 0.085145
12 0.373534 0.559783 0.043551 0.105072
8 0.407035 0.560688 0.023451 0.099638
1 0.443886 0.558877 0.046901 0.081522
4 0.492462 0.567029 0.046901 0.097826
7 0.530151 0.566123 0.035176 0.103261
16 0.552764 0.568841 0.016750 0.090580
6 0.582077 0.566123 0.051926 0.103261
8 0.625628 0.561594 0.028476 0.112319
13 0.677554 0.553442 0.068677 0.128623
13 0.717755 0.567029 0.028476 0.094203
9 0.742881 0.559783 0.031826 0.097826
9 0.773869 0.567935 0.036851 0.114130
9 0.812395 0.556159 0.060302 0.119565