5 0.063360 0.400316 0.044171 0.268987
11 0.109703 0.400316 0.044171 0.268987
5 0.166184 0.398734 0.036930 0.253165
1 0.213251 0.400316 0.054308 0.268987
14 0.266836 0.431962 0.042723 0.268987
8 0.300507 0.411392 0.017379 0.278481
5 0.371108 0.441456 0.038378 0.268987
9 0.422520 0.466772 0.036930 0.287975
11 0.477552 0.488924 0.054308 0.262658
0 0.551412 0.493671 0.048516 0.253165
10 0.725923 0.537975 0.042723 0.278481
8 0.606445 0.504747 0.031137 0.243671
13 0.656770 0.496835 0.046343 0.329114
1 0.778059 0.518987 0.054308 0.253165
0 0.926865 0.547468 0.053584 0.278481
8 0.877263 0.569620 0.016655 0.246835
7 0.838523 0.558544 0.034757 0.256329