10 0.050234 0.513636 0.051402 0.327273
1 0.101051 0.511364 0.054907 0.286364
4 0.158294 0.506818 0.068925 0.277273
9 0.211449 0.529545 0.032710 0.304545
1 0.263435 0.520455 0.073598 0.304545
10 0.321262 0.520455 0.039720 0.240909
11 0.355724 0.525000 0.029206 0.268182
4 0.409463 0.525000 0.059579 0.295455
8 0.470210 0.538636 0.017523 0.295455
5 0.509346 0.525000 0.039720 0.304545
4 0.554907 0.525000 0.042056 0.286364
8 0.594042 0.515909 0.031542 0.277273
5 0.627336 0.515909 0.035047 0.322727
1 0.663551 0.536364 0.053738 0.318182
13 0.705607 0.534091 0.039720 0.304545
1 0.746495 0.534091 0.035047 0.340909
9 0.787967 0.525000 0.031542 0.295455
4 0.839953 0.511364 0.046729 0.286364
2 0.889019 0.506818 0.035047 0.277273
3 0.940421 0.497727 0.039720 0.259091