1 0.516516 0.321220 0.030441 0.210226
5 0.242041 0.323095 0.032346 0.233319
1 0.604150 0.350211 0.029791 0.206972
1 0.360828 0.321687 0.036096 0.226671
2 0.575141 0.337840 0.024879 0.210571
11 0.854692 0.417067 0.032367 0.206045
11 0.285715 0.320478 0.036688 0.225369
10 0.811926 0.411252 0.033660 0.202458
2 0.394007 0.321521 0.026661 0.223379
5 0.656570 0.354885 0.021295 0.203401
16 0.555477 0.345462 0.011520 0.112302
8 0.540335 0.323875 0.016521 0.201669
4 0.631973 0.355153 0.026597 0.202322
1 0.204620 0.340176 0.036017 0.194607
9 0.318134 0.323379 0.028747 0.229886
16 0.263962 0.324241 0.011890 0.151770
8 0.501471 0.554901 0.021259 0.225531
4 0.428163 0.322427 0.034081 0.227764
8 0.673394 0.359395 0.014188 0.196344
2 0.428353 0.322969 0.033931 0.228430
8 0.611650 0.576195 0.023593 0.197727
4 0.739368 0.410716 0.039482 0.261922
8 0.783346 0.396053 0.018525 0.205514
3 0.469703 0.456558 0.027832 0.435969
12 0.739592 0.496618 0.039082 0.427531
2 0.475818 0.307716 0.029108 0.214747
16 0.451723 0.352260 0.014203 0.131839
7 0.171078 0.296383 0.026192 0.253257
