11 0.756453 0.607692 0.035803 0.246154
1 0.707327 0.586538 0.044130 0.203846
13 0.664030 0.588462 0.037469 0.184615
10 0.622398 0.586538 0.029142 0.165385
9 0.577435 0.582692 0.029142 0.173077
10 0.524979 0.588462 0.030808 0.184615
5 0.488343 0.582692 0.035803 0.173077
5 0.452123 0.582692 0.013322 0.173077
4 0.410075 0.576923 0.044130 0.184615
11 0.360117 0.582692 0.037469 0.173077
7 0.319317 0.582692 0.030808 0.196154
5 0.284763 0.582692 0.033306 0.196154
1 0.251457 0.575000 0.033306 0.203846
4 0.206911 0.576923 0.037469 0.184615
8 0.064530 0.521154 0.020816 0.203846
8 0.118235 0.565385 0.021649 0.184615