9 0.800275 0.368182 0.016529 0.100000
10 0.772727 0.363636 0.022039 0.090909
8 0.128099 0.293182 0.016529 0.077273
9 0.150138 0.322727 0.011019 0.100000
14 0.178375 0.338636 0.017906 0.077273
13 0.205923 0.327273 0.017906 0.109091
15 0.236226 0.331818 0.026171 0.100000
8 0.262397 0.318182 0.012397 0.100000
8 0.287879 0.315909 0.011019 0.095455
15 0.311983 0.322727 0.023416 0.100000
8 0.340220 0.309091 0.022039 0.109091
1 0.394628 0.315909 0.017906 0.095455
1 0.421488 0.320455 0.013774 0.086364
1 0.369835 0.309091 0.015152 0.081818
1 0.448347 0.322727 0.017906 0.072727
15 0.555096 0.347727 0.022039 0.095455
8 0.528926 0.350000 0.011019 0.081818
14 0.503444 0.343182 0.017906 0.077273
14 0.586088 0.350000 0.020661 0.109091
14 0.609504 0.350000 0.015152 0.100000
11 0.639118 0.347727 0.022039 0.086364
1 0.673554 0.354545 0.030303 0.118182
4 0.709366 0.347727 0.027548 0.122727
4 0.734160 0.359091 0.013774 0.100000
15 0.105372 0.263636 0.023416 0.090909