9 0.806474 0.363636 0.031680 0.127273
10 0.771350 0.356818 0.024793 0.122727
15 0.105372 0.263636 0.026171 0.090909
8 0.125344 0.290909 0.013774 0.072727
9 0.149449 0.320455 0.015152 0.077273
14 0.177686 0.343182 0.022039 0.086364
13 0.205234 0.331818 0.022039 0.081818
15 0.236226 0.327273 0.026171 0.072727
8 0.265840 0.320455 0.008264 0.086364
8 0.287190 0.320455 0.015152 0.077273
15 0.309917 0.311364 0.019284 0.086364
1 0.395317 0.322727 0.019284 0.090909
1 0.420110 0.325000 0.019284 0.086364
4 0.449036 0.329545 0.013774 0.077273
8 0.733471 0.361364 0.012397 0.104545
4 0.707300 0.354545 0.023416 0.109091
1 0.673554 0.352273 0.016529 0.113636
11 0.639118 0.336364 0.019284 0.081818
8 0.609504 0.350000 0.012397 0.100000
14 0.584022 0.350000 0.016529 0.100000
15 0.552342 0.359091 0.019284 0.100000
8 0.527548 0.354545 0.011019 0.090909
14 0.502755 0.338636 0.013774 0.077273