11 0.070597 0.486900 0.021834 0.100437
8 0.103348 0.482533 0.011645 0.091703
9 0.135371 0.489083 0.023290 0.087336
4 0.168122 0.484716 0.024745 0.104803
0 0.197962 0.482533 0.023290 0.082969
15 0.224163 0.486900 0.020378 0.091703
1 0.256914 0.484716 0.024745 0.096070
5 0.283115 0.482533 0.016012 0.100437
8 0.308588 0.486900 0.008734 0.091703
1 0.344250 0.482533 0.018923 0.082969
1 0.373362 0.489083 0.018923 0.078603
3 0.401019 0.493450 0.018923 0.078603
5 0.430859 0.489083 0.023290 0.087336
9 0.451965 0.491266 0.016012 0.091703
1 0.485444 0.497817 0.024745 0.096070
5 0.510917 0.489083 0.023290 0.087336
1 0.540757 0.493450 0.024745 0.087336
8 0.564047 0.493450 0.016012 0.069869
5 0.590975 0.495633 0.020378 0.074236
8 0.614993 0.497817 0.013100 0.087336
1 0.648472 0.495633 0.030568 0.091703
1 0.674672 0.502183 0.021834 0.087336
8 0.697962 0.515284 0.016012 0.096070
1 0.728530 0.515284 0.024745 0.096070
5 0.756186 0.508734 0.021834 0.091703
8 0.778020 0.515284 0.013100 0.087336
15 0.807132 0.515284 0.021834 0.078603
1 0.836245 0.506550 0.021834 0.087336
5 0.862445 0.480349 0.016012 0.096070