11 0.071325 0.482533 0.017467 0.091703
8 0.104803 0.480349 0.011645 0.078603
9 0.134643 0.480349 0.018923 0.087336
4 0.166667 0.486900 0.021834 0.091703
0 0.197962 0.482533 0.023290 0.082969
15 0.223435 0.484716 0.021834 0.087336
1 0.255459 0.484716 0.024745 0.087336
5 0.281659 0.484716 0.021834 0.096070
8 0.307860 0.484716 0.013100 0.087336
1 0.342795 0.478166 0.021834 0.091703
1 0.375546 0.491266 0.020378 0.100437
3 0.402475 0.489083 0.016012 0.087336
5 0.425764 0.486900 0.018923 0.091703
9 0.452693 0.493450 0.023290 0.104803
1 0.486172 0.502183 0.029112 0.096070
5 0.509461 0.493450 0.020378 0.104803
1 0.538574 0.500000 0.023290 0.091703
8 0.563319 0.493450 0.017467 0.087336
5 0.590247 0.489083 0.024745 0.087336
8 0.615721 0.502183 0.011645 0.078603
1 0.648472 0.502183 0.021834 0.087336
5 0.673945 0.504367 0.020378 0.082969
8 0.700146 0.506550 0.014556 0.087336
1 0.729985 0.513100 0.024745 0.091703
5 0.755459 0.519651 0.023290 0.087336
15 0.806405 0.515284 0.020378 0.078603
8 0.777293 0.524017 0.014556 0.087336
1 0.836245 0.502183 0.024745 0.078603
5 0.860990 0.471616 0.010189 0.069869