1 0.262284 0.379464 0.019920 0.071429
5 0.291501 0.379464 0.014608 0.071429
10 0.320717 0.379464 0.022576 0.080357
9 0.343958 0.381696 0.013280 0.066964
14 0.373174 0.379464 0.015936 0.089286
1 0.403054 0.370536 0.017264 0.080357
1 0.433599 0.366071 0.014608 0.071429
5 0.459495 0.359375 0.018592 0.075893
1 0.487384 0.359375 0.018592 0.066964
10 0.515272 0.361607 0.018592 0.071429
13 0.543161 0.357143 0.015936 0.062500
1 0.571713 0.363839 0.017264 0.066964
8 0.616866 0.361607 0.009296 0.062500
15 0.643426 0.361607 0.019920 0.080357
12 0.666667 0.357143 0.015936 0.071429
8 0.686587 0.357143 0.007968 0.071429
11 0.707835 0.357143 0.013280 0.071429
4 0.730412 0.354911 0.018592 0.084821
2 0.754316 0.354911 0.013280 0.084821
8 0.787517 0.354911 0.007968 0.066964
5 0.830677 0.352679 0.014608 0.071429
1 0.857238 0.352679 0.014608 0.080357
9 0.843293 0.348214 0.007968 0.071429
7 0.816733 0.350446 0.007968 0.066964
2 0.869854 0.341518 0.010624 0.075893
11 0.891102 0.339286 0.013280 0.080357
8 0.878486 0.339286 0.006640 0.071429
14 0.919655 0.328125 0.009296 0.084821
8 0.902390 0.339286 0.009296 0.071429